RAFi_0_uM,MEKi_0_uM,pMEK,pMEK_obs,pERK,pERK_obs,gdpRAS,gtpRAS,bound_CRAF,unbound_CRAF,uS1134SOS1,pS1134SOS1,pS1134SOS1_obs,gtpRAS_obs,bound_CRAF_obs
0.0,0.0,0.07971194024753883,0.40036283842397946,0.15821822911829736,0.530123936741326,0.13627853170923124,0.390486971698569,0.00304866265516643,0.01576605551984679,0.0023883279092488255,0.006215274391921367,0.7224037297814214,0.7412918446109209,0.16203605213790492
0.0,0.0017782794100389228,0.08172769458199484,0.4104872043334405,0.1530632179343929,0.5128516204737545,0.1323725390436204,0.39439294273195946,0.003179319751818427,0.015635399720157605,0.0024451544975539084,0.006158447803761656,0.7157987536011488,0.7487068845182696,0.16898044940579274
0.0,0.003924189758484536,0.0837972996095487,0.4208820754901515,0.14789301213863604,0.49552840827298583,0.12842777643756229,0.39833787967873213,0.0033180996193003147,0.015496603042304637,0.0025049311573165666,0.006098671144081602,0.7088508894803875,0.7561956157422506,0.1763567396720832
0.0,0.008659643233600654,0.0874916216461152,0.43943722491547055,0.13894561192334962,0.46554935589225155,0.1215490898150997,0.4052163935261275,0.003578251034502454,0.015236468178518085,0.002615589445561574,0.00598801285608633,0.6959890341443847,0.7692538830674229,0.19018360008403212
0.0,0.019109529749704406,0.09344303897128162,0.46932893289609084,0.12518856424959915,0.4194551694786318,0.11089684912848474,0.4158686608360099,0.0040342739496335685,0.01478044628999104,0.002806194446743553,0.005797407853716174,0.6738349416042155,0.7894758729819669,0.21442114994286318
0.0,0.042169650342858224,0.10235402129128665,0.5140854173995509,0.1057943519611764,0.3544731748440149,0.09590666347828886,0.43085880394463133,0.004817132553801324,0.013997587699285195,0.0031274923353099213,0.005476109965485614,0.6364903646207895,0.8179328953595044,0.2560299855115349
0.0,0.0930572040929699,0.11644021661990461,0.5848350290018376,0.07712182389115284,0.25840337580559797,0.07444013409099011,0.452325339220297,0.00637484451859541,0.012439876477950619,0.0037647588835040104,0.00483884341886408,0.5624206290349122,0.8586844851029181,0.3388221658862597
0.0,0.2053525026457146,0.13222161196188542,0.6640990086038985,0.0463545606359581,0.15531498829698104,0.05335524134982334,0.4734102410573997,0.008810941011529466,0.010003777433315186,0.004818269246001336,0.0037853330551142314,0.43997071489734185,0.8987115839367459,0.46830044453541725
0.0,0.4531583637600818,0.14325128057776731,0.7194968519867931,0.024735182272809006,0.08287738027709164,0.04022840140762003,0.48653707971315524,0.011198062709170146,0.007616656450424783,0.005997592742498533,0.0026060095575875376,0.3028974918519266,0.9236312878322489,0.5951756502014802
0.0,1.0,0.1493865893446715,0.7503120847954874,0.012322711121619232,0.04128831524528108,0.03339473423922686,0.49337074660488317,0.012896758589298493,0.005917960967892436,0.006978213787786326,0.0016253885131993547,0.18891953118441335,0.9366041712040176,0.6854611119818366
0.005623413251903491,0.0,0.11258576596503131,0.5654756107711886,0.18532661137230416,0.6209529330242378,0.15622859192827793,0.3705364856387552,0.015468407095892058,0.0033463051683846837,0.002128229486527092,0.006475372825726062,0.7526350696735377,0.7034188510562418,0.8221442283367647
0.005623413251903491,0.0017782794100389228,0.11290463011751034,0.5670771446510524,0.17840088712441643,0.5977476992934153,0.1512393326800827,0.37552634107334393,0.015570468434789706,0.0032442450890636802,0.0021891380696467486,0.006414464230728217,0.7455556413211545,0.7128906832473763,0.8275687224814429
0.005623413251903491,0.003924189758484536,0.1132339893301307,0.5687313442079589,0.1712463343791745,0.5737757210500988,0.14600316245880696,0.3807625544559315,0.015676659428665397,0.0031380724911593324,0.0022558316516495544,0.006347770649339441,0.737803820686802,0.7228309326697522,0.8332119477156721
0.005623413251903491,0.008659643233600654,0.11381463023845523,0.5716477037973289,0.15862501278824576,0.5314868938860307,0.136585713275344,0.39018028191750553,0.015865802943392418,0.0029489177166521718,0.0023839559383551537,0.006219646367916823,0.7229118858019201,0.7407089399813301,0.8432654000059341
0.005623413251903491,0.019109529749704406,0.1147002896070517,0.5760960464946753,0.13935879339699203,0.4669337484128782,0.12186771547922237,0.40489732123187844,0.016159149834937166,0.0026555704487264548,0.002610264480930971,0.005993337817032543,0.696607956698693,0.7686488149629032,0.8588567670053426
0.005623413251903491,0.042169650342858224,0.11586939704860577,0.5819680105240199,0.11389214324042879,0.3816055139309139,0.1021451988296992,0.4246204893323645,0.016555587665229427,0.002259135416954435,0.002984800272975632,0.005618802030286082,0.6530755179322895,0.8060898780516723,0.8799272565912137
0.005623413251903491,0.0930572040929699,0.11752011460750728,0.5902589456194995,0.07785184135993344,0.2608493623053539,0.0749691802004622,0.4517965002072132,0.017133885334149643,0.0016808358977252595,0.0037453284691798643,0.004858273831430488,0.5646790334655328,0.8576802115459724,0.9106637894332619
0.005623413251903491,0.2053525026457146,0.11916820536012587,0.5985367344737647,0.041751983884879884,0.13989365504542126,0.050434094021958184,0.47633149210756354,0.017733957400795003,0.0010807531650951965,0.0050287810930005165,0.0035748212025387173,0.4155028416866942,0.9042570445944829,0.9425580764949675
0.005623413251903491,0.4531583637600818,0.12012229291430093,0.6033287213945058,0.020792956469840744,0.06966861034786864,0.03800155377826702,0.4887639227963991,0.01809216844024107,0.0007225503160972072,0.006277778580682977,0.002325823720026622,0.2703313843126844,0.927858685756372,0.9615965391003363
0.005623413251903491,1.0,0.12061288487630559,0.6057926932541233,0.009996360855763577,0.03349367425046092,0.03217198191081716,0.4945934932588064,0.01827955298287127,0.0005351680980022617,0.0071988119621669185,0.001404790335733223,0.16327932034655837,0.9389254166658167,0.971555884580915
0.012409377607517195,0.0,0.10493732915473518,0.5270604075370127,0.17954002143352793,0.601564464696172,0.15206526297827672,0.3746999269001436,0.016063786725858335,0.0027509271050648594,0.0021788814693807553,0.0064247208286271704,0.7467477698399363,0.7113224907413218,0.8537885226538214
0.012409377607517195,0.0017782794100389228,0.10520390699244715,0.5283993146053158,0.17259404324493655,0.5782913509575545,0.1469953758165436,0.3797699925336587,0.016152119831090224,0.002662598089424203,0.0022429596543191025,0.0063606426472403175,0.739299937897808,0.7209471528530356,0.8584832310177197
0.012409377607517195,0.003924189758484536,0.10547693568232507,0.5297706449627605,0.16547958576411878,0.5544537478769311,0.14172680453047262,0.38503873184283316,0.01624311383301987,0.002571602336338804,0.0023126205973947414,0.006290981702641923,0.73120321968103,0.7309489806295281,0.8633196316547752
0.012409377607517195,0.008659643233600654,0.1059541695849098,0.5321675960560533,0.15304429235514735,0.5127881971163446,0.1323584510560632,0.3944076827651682,0.01640344805841088,0.002411271140479415,0.0024453681081924392,0.006158234195933698,0.7157739256474368,0.7487339398683099,0.8718412369066004
0.012409377607517195,0.019109529749704406,0.1066942947238485,0.5358849642749782,0.13422971629302255,0.4497483362010499,0.11790428889386909,0.4088612211760072,0.01664813961733011,0.0021665803030950096,0.002677942298143937,0.005925660002440705,0.6887417381017295,0.7761731042751263,0.8848465290868884
0.012409377607517195,0.042169650342858224,0.10765563137045531,0.540713393050598,0.10913768308809546,0.36567529611017147,0.0984768856326301,0.4282885635195054,0.01698205557374313,0.001832664477994269,0.0030669574651854548,0.005536644835740262,0.6435263558317356,0.8130536355580333,0.9025941139195938
0.012409377607517195,0.0930572040929699,0.10906297859080087,0.5477819649469844,0.07236654174213832,0.2424703905465435,0.07102292205510302,0.45574257639829335,0.017483754035439378,0.0013309657583471452,0.003896433483010847,0.004707168818452571,0.5471160397141918,0.8651716517812412,0.9292593366824049
0.012409377607517195,0.2053525026457146,0.11035131890665073,0.5542528181863368,0.03865001441910045,0.12950023536455516,0.0485031607422734,0.4782623270362183,0.01795700176543149,0.0008577175167483514,0.0051813494764649075,0.0034222528244971014,0.3977697602450132,0.9079226679279536,0.9544124201969507
0.012409377607517195,0.4531583637600818,0.11109165176949849,0.5579712355483963,0.01925476382816461,0.06451476156526917,0.03714691241925657,0.4896185743237036,0.01823507768857042,0.0005796417304097865,0.006394334227154879,0.002209268073765028,0.25678407677314546,0.9294811194846125,0.9691921140304094
0.012409377607517195,1.0,0.11147313686499943,0.5598872161950357,0.009254963725871826,0.031009560785648902,0.03178614110709387,0.494979340339735,0.018380142017671373,0.00043457808020039176,0.0072720760866416875,0.0013315262143025394,0.15476380331485187,0.9396578890860735,0.9769022298530208
0.027384196342643614,0.0,0.09008680185432787,0.45247183244523864,0.1674537263579467,0.5610682724851298,0.14319595417720887,0.38356945069924403,0.01645021814490864,0.002364499531736221,0.002292860827572702,0.0063107414732928475,0.7334999053429012,0.7281599116958061,0.8743271319626907
0.027384196342643614,0.0017782794100389228,0.0903221276416868,0.4536537819811294,0.16057744097436083,0.538028679346775,0.13805593016658452,0.38870953325898483,0.016531219668867,0.0022834995252977194,0.0023631927425798735,0.006240409558363919,0.7253251998502258,0.7379176507343472,0.8786322824309845
0.027384196342643614,0.003924189758484536,0.09055915466710364,0.45484427914138087,0.15365271941364084,0.5148267982289829,0.1328206620213055,0.39394481182591,0.016613209294475087,0.0022015098396921534,0.002438519526541938,0.0061650827744557666,0.7165699388197944,0.7478561739226125,0.8829900237153024
0.027384196342643614,0.008659643233600654,0.09096692508845099,0.4568923554431841,0.14174901035354417,0.47494238630512786,0.12371027095787053,0.40305524560405187,0.01675513393763672,0.002059585198941079,0.002579880606311513,0.006023721694777229,0.7001394862260147,0.7651511591622424,0.8905333008699011
0.027384196342643614,0.019109529749704406,0.0915787115850165,0.45996512566790504,0.12391007696227399,0.4151714878279998,0.10990523855529614,0.41686031653110245,0.016970169197987064,0.0018445503847562288,0.002825328408373068,0.005778273903097464,0.671610994314989,0.7913583424465352,0.901962377029098
0.027384196342643614,0.042169650342858224,0.09243568988905324,0.4642694011261519,0.0989592730349918,0.3315716484752768,0.09068422591132858,0.4360812187377947,0.017275706693555555,0.001539013432954446,0.0032589983567554107,0.005344603944068552,0.6212053692389643,0.8278470487529165,0.9182016302870236
0.027384196342643614,0.0930572040929699,0.09370195655401208,0.47062937714243763,0.06216491236379014,0.2082889437569372,0.0638740134793105,0.4628914611465393,0.017736601545478695,0.0010781188138410485,0.004212515806633052,0.004391086494340231,0.5103776698097132,0.8787429766070438,0.9426981218295379
0.027384196342643614,0.2053525026457146,0.09470156036724187,0.4756500170415417,0.03317253322341357,0.11114745819065247,0.0451695244922501,0.48159596117242964,0.018108598579815813,0.0007061207265197859,0.00547464223957231,0.0031289600611845007,0.3636802297229922,0.9142511692176377,0.9624697708733816
0.027384196342643614,0.4531583637600818,0.09527489466509817,0.47852966316643625,0.016561070245072158,0.05548930691633584,0.03566953790586266,0.4910959452388894,0.01832530620261722,0.0004894130997921823,0.006609224109507273,0.001994378191552878,0.23180734322263213,0.9322857342646733,0.9739877543785881
0.027384196342643614,1.0,0.09557150113093238,0.48001934135980634,0.007961569741566036,0.02667593177983677,0.03111746478724541,0.49564801914944273,0.0184385258675249,0.000376194158999123,0.007403522784431024,0.00120007951687061,0.1394857031791266,0.9409272897785621,0.9800053278247679
0.060429639023813285,0.0,0.06859197405126202,0.34451146502446406,0.14741614802745628,0.4939306239145592,0.12806260501646813,0.3987028390921406,0.016767900470557384,0.002046818268510337,0.002510592094047037,0.006093010206956502,0.7081929166165435,0.756888751058499,0.891211859348169
0.060429639023813285,0.0017782794100389228,0.06879002968763802,0.34550622201333986,0.14080172646271616,0.47176842929144824,0.12298057500404676,0.4037850340318505,0.01684416703433693,0.0019705527786130403,0.0025918372484859398,0.006011765052709127,0.6987497611173954,0.7665364387984073,0.8952653667870878
0.060429639023813285,0.003924189758484536,0.06898509409324395,0.3464859569319768,0.1342959978627953,0.44997041901959944,0.11795550789206301,0.40880998212359343,0.01691952782968955,0.0018951915637769451,0.002677045394439557,0.005926556906333672,0.6888459855706065,0.7760758627362692,0.8992708036647594
0.060429639023813285,0.008659643233600654,0.06931542647265199,0.34814509009759786,0.1232994507231317,0.4131255351458524,0.10943164152137583,0.4173339079121366,0.0170477004653394,0.0017670192709025637,0.0028345594618281516,0.005769042840783876,0.6705380650884354,0.7922574062805393,0.9060831468300409
0.060429639023813285,0.019109529749704406,0.06982316013725547,0.35069524310271855,0.10644636012823601,0.35665778688103006,0.09640724439792693,0.4303583960714968,0.01724607562348364,0.0015686445007207176,0.003115500138023383,0.005488102161851088,0.6378842222787495,0.816982663652828,0.9166267427649525
0.060429639023813285,0.042169650342858224,0.07065646924434005,0.3548806389986734,0.07891125775657225,0.26439903074987603,0.07573880952814406,0.45102664141593546,0.01757529543459613,0.0012394245596510744,0.0037174847383167394,0.004886117562565894,0.5679153210120642,0.856219102083472,0.9341247406270177
0.060429639023813285,0.0930572040929699,0.07161605029820263,0.35970024981519827,0.04738561268762555,0.15876961480302026,0.054018670641455546,0.4727468242997592,0.017960129519904017,0.0008545905196522725,0.004773505086710716,0.003830097215180956,0.4451736703751211,0.897452146808736,0.9545786215337999
0.060429639023813285,0.2053525026457146,0.07228931106084704,0.36308178992837176,0.025376762219843908,0.08502704921749103,0.04059576707792766,0.4861697306228201,0.01823387189344737,0.0005808474184611882,0.005954343142255974,0.0026492591543262442,0.30792440921852726,0.9229338913518019,0.9691280316845579
0.060429639023813285,0.4531583637600818,0.07267814843187136,0.3650347764393607,0.01270548917187879,0.04257084697987966,0.03359768011895711,0.49316780569213736,0.01839339528561134,0.0004213242187609738,0.0069432053253533545,0.0016603969758515105,0.19298857823995255,0.9362189038121502,0.9776066702103609
0.060429639023813285,1.0,0.07288110336163191,0.3660540932042669,0.006105750955875588,0.020457849529221667,0.030167866544007355,0.49659761902696253,0.018477042432098866,0.0003376778385783753,0.007600649923531096,0.0010029523772357909,0.11657354003292227,0.9427299863594771,0.9820524656375229
0.1333521432163324,0.0,0.04520382956909956,0.22704168697032484,0.12012651521228503,0.40249433547185115,0.106971418209423,0.4197940716826149,0.017105830760437632,0.0017088884365231579,0.00288351373271824,0.0057200885685107115,0.6648480913272393,0.7969278165292368,0.9091727908009807
0.1333521432163324,0.0017782794100389228,0.04534936242735383,0.22777264352409532,0.11382795931746885,0.38139047532338466,0.10209552304246496,0.42466997076010143,0.01717900763372919,0.0016357116432227886,0.0029858800506591845,0.005617722250306856,0.6529500148648293,0.8061841099243847,0.9130621286905656
0.1333521432163324,0.003924189758484536,0.04549422534672067,0.22850023416445084,0.10757315659975099,0.36043320427794046,0.09727314387091693,0.4294926945056219,0.01725199533226933,0.0015627252058486045,0.0030949906754865796,0.005508611626630043,0.6402680450809352,0.8153389290188074,0.916941354367577
0.1333521432163324,0.008659643233600654,0.04575847057523917,0.22982743856702345,0.09619935580503688,0.32232430716908883,0.08859032334379723,0.43817517607780904,0.017385530156853686,0.0014291892264283994,0.003315287301717422,0.005288314999147958,0.6146628835477485,0.8318220850813688,0.9240387700016236
0.1333521432163324,0.019109529749704406,0.04621819940990444,0.2321364809139175,0.07652351759297014,0.25639869949565586,0.0740074328719477,0.45275805088017823,0.017619043266269938,0.00119567688456476,0.003780834591432687,0.004822767709202463,0.5605521432396321,0.8595059183741535,0.9364499245814341
0.1333521432163324,0.042169650342858224,0.046788765487656966,0.23500221796562534,0.05229416564540846,0.17521614904341784,0.05722136631685775,0.46954412770208237,0.01791100696136269,0.0009037131273520061,0.004571317732070658,0.004032284568971112,0.4686739842080871,0.8913722197703412,0.9519677612480633
0.1333521432163324,0.0930572040929699,0.04728779919073837,0.23750867463164363,0.03127090151451682,0.10477587454658599,0.044035200636142,0.4827302884102859,0.018168331816290427,0.0006463883107450756,0.005584385910839516,0.003019216390528653,0.3509246807059561,0.9164045451879252,0.9656445428695873
0.1333521432163324,0.2053525026457146,0.04763255219007838,0.23924024226722312,0.0168351090838487,0.05640749741420971,0.03581871433253551,0.4909467792536555,0.01834719950175931,0.00046751997670236515,0.006586704936028852,0.0020168973658520285,0.23442475547842365,0.9320025423672267,0.9751513713910233
0.1333521432163324,0.4531583637600818,0.0478338886404473,0.24025148154389847,0.00844027432160744,0.028279873516505977,0.03136429487674291,0.4954012001111582,0.018452037585126414,0.0003626819667855547,0.00735432218896931,0.0012492801116520237,0.14520430721929153,0.9404587142188138,0.980723498653016
0.1333521432163324,1.0,0.047939411762374276,0.24078145240753562,0.004047005535502982,0.013559843977008133,0.029127978555464194,0.4976375068655003,0.018507144858313295,0.00030757520254973223,0.007831987990433473,0.0007716143101154047,0.0896850276385019,0.9447040868059439,0.9836524167484414
0.29427271762092816,0.0,0.02612140839020672,0.13119792474485847,0.08354780599192307,0.27993418914909285,0.07913400403645617,0.44763150204072844,0.017539389915472724,0.0012753294044094451,0.003600343543415415,0.005003258758109506,0.5815306871195939,0.8497737548804858,0.9322164002169427
0.29427271762092816,0.0017782794100389228,0.026239764283433338,0.13179238142029948,0.07568309663557476,0.25358279691495395,0.07340093355325417,0.45336453126848364,0.017632877041063796,0.0011818423447424139,0.003803648867302127,0.004799953433677366,0.5579004312101811,0.8606572783238637,0.9371852260717748
0.29427271762092816,0.003924189758484536,0.026348363310916695,0.1323378331967354,0.06849355312253885,0.2294936058149899,0.06827830783295578,0.4584871735148544,0.01771878399937803,0.001095935312656726,0.004010682916193315,0.004592919384331203,0.53383678416321,0.8703819626558364,0.9417511739356262
0.29427271762092816,0.008659643233600654,0.026512917735382432,0.1331643278578173,0.05764798859921229,0.1931545989932373,0.0607956233028667,0.46596985076847497,0.01784918563637422,0.0009655335301637768,0.004369455748521994,0.004234146552346838,0.4921364800787287,0.8845869247409477,0.9486820121194801
0.29427271762092816,0.019109529749704406,0.026719523254488335,0.1342020281968555,0.0441123377381378,0.14780222316385866,0.05192385524179397,0.4748416234069512,0.01801330662518432,0.0008014135097798216,0.004918576181704118,0.003685026119214844,0.4283120012208423,0.9014288951223818,0.9574049731257747
0.29427271762092816,0.042169650342858224,0.026935629797263175,0.13528744947773855,0.030049308743994533,0.10068282174652735,0.043312837506244005,0.4834526359727203,0.01818544899986395,0.0006292710161436095,0.00565723562648197,0.002946366674558154,0.3424573302513014,0.9177758610104286,0.9665543247197818
0.29427271762092816,0.0930572040929699,0.027121001508193437,0.13621850106177497,0.018062422267296298,0.060519716273978764,0.036489932336338245,0.49027555043390514,0.018333497757348972,0.00048122238858499557,0.006487704661907388,0.002115897638498493,0.24593159523408864,0.9307283154840773,0.974423090811213
0.29427271762092816,0.2053525026457146,0.027250214924951492,0.13686749330928943,0.009747682095575298,0.03266045675955549,0.03204235682422533,0.4947231271539763,0.018436909656712526,0.00037780988674022183,0.007223221086229224,0.0013803812151652456,0.16044223882146597,0.93917149509828,0.9799194515832319
0.29427271762092816,0.4531583637600818,0.02732615434998255,0.13724890986151467,0.004876508802701022,0.016339167052344613,0.029545255756020756,0.4972202282740601,0.01849776823446936,0.00031695134503379726,0.007737104579081012,0.0008664977216613062,0.10071336300453414,0.9439119368072851,0.9831540755261061
0.29427271762092816,1.0,0.02736595589969687,0.13744879974519442,0.002328231421828431,0.007800941837546191,0.028270692162709037,0.49849479334978525,0.018529686988055984,0.0002850331108330898,0.008036191310331788,0.0005674109903056102,0.0659503973427007,0.946331540428841,0.9848505261128006
0.6493816315762113,0.0,0.013728154120748438,0.06895131011695031,0.044365168617358626,0.1486493553843929,0.052084476649590886,0.47468102598431144,0.018010826063857135,0.0008038933086032758,0.004907057246055644,0.0036965450550195834,0.42965085154594035,0.9011239794763315,0.9572731703997693
0.6493816315762113,0.0017782794100389228,0.013767781444093387,0.06915034311973825,0.039699001268067816,0.13301495590108553,0.049152680843842854,0.47761280744432866,0.018067707621721316,0.0007470117803037719,0.005128730355998444,0.003474871944940684,0.40388570082573244,0.906689633363087,0.9602964166330658
0.6493816315762113,0.003924189758484536,0.013801596088398402,0.06932018101611433,0.0357272803084943,0.11970735931553216,0.04671218274608917,0.48005335269866,0.018116268411171844,0.0006984516893066321,0.00533382242231774,0.003269779878105425,0.380047771146349,0.9113226291339468,0.9628773808179657
0.6493816315762113,0.008659643233600654,0.013850541048032853,0.06956601335260393,0.02999435741158711,0.10049870287454045,0.04328045735109334,0.48348499568959674,0.018186595053719903,0.000628124091235813,0.0056605573492182985,0.0029430449515095414,0.3420712451179395,0.9178373275975826,0.9666152820886398
0.6493816315762113,0.019109529749704406,0.013910489799433167,0.06986711278295626,0.022998471828071437,0.07705837956520459,0.03924092588498003,0.4875245572227136,0.018272792798375855,0.0005419273099240175,0.006117882102946605,0.002485720197918212,0.2889162133480243,0.9255058899199794,0.9711966318497102
0.6493816315762113,0.042169650342858224,0.013973043506633923,0.07018129633919142,0.01572840691183405,0.05269939494913885,0.03521782982535737,0.4915476443242504,0.018362807396534904,0.0004519126773976502,0.006678602988745865,0.0019249993123220044,0.22374340944177248,0.9331432458017289,0.9759808981679314
0.6493816315762113,0.0930572040929699,0.014027085795768196,0.07045273014666223,0.009471886442372929,0.03173637907297203,0.031898840747482116,0.4948666480303502,0.018440633083763834,0.0003740871503255814,0.007250486190506363,0.0013531161117338656,0.15727320536207695,0.9394439434111502,0.9801173152897702
0.6493816315762113,0.2053525026457146,0.01406495991546976,0.07064295868821573,0.005100380291375281,0.017089267821220132,0.029658268857699642,0.49710721747871317,0.01849520838360253,0.0003195111365367865,0.007711889532261764,0.0008917127681493046,0.1036441175467513,0.9436973954691502,0.9830180228732736
0.6493816315762113,0.4531583637600818,0.014087193888194688,0.07075463232650639,0.002539192640026333,0.008507785880132642,0.028375382827600795,0.49839009921932376,0.018527259553134504,0.0002874600161628949,0.008010556077310816,0.0005930462233387378,0.0689299903243975,0.946132797621174,0.984721535970593
0.6493816315762113,1.0,0.014098777320967548,0.07081280213674225,0.0012066165485563485,0.0040428736753048014,0.027716577667318158,0.4990489064480124,0.018543958420265072,0.00027076170368002344,0.008175288654502472,0.0004283136469836939,0.049783059696949024,0.9473834590474998,0.9856090496219804
1.4330125702369627,0.0,0.006764828942788294,0.03397716938033389,0.02199286492303037,0.07368900632643448,0.03867379840056072,0.4880917054382568,0.018285302842802678,0.0005294167399160652,0.006189764944518631,0.002413837358260574,0.2805612432226018,0.9265825151443581,0.9718615662812039
1.4330125702369627,0.0017782794100389228,0.006775000040651217,0.034028254988400966,0.019652715713212046,0.06584813296644963,0.03736724809244098,0.48939821126984223,0.018314243629626917,0.000500475746965438,0.006363766713634429,0.0022398355873306515,0.26033695061421025,0.9290628354074757,0.9733997761567424
1.4330125702369627,0.003924189758484536,0.0067835801005466136,0.03407134937013018,0.017681304847007206,0.05924274943517036,0.03628095228527044,0.49048452584081154,0.01833866049515778,0.00047605892314908155,0.006518127127933279,0.0020854751728158925,0.24239558035292924,0.93112503800679,0.9746975273686049
1.4330125702369627,0.008659643233600654,0.006795908157177415,0.034133268537264415,0.014852961148943331,0.049766137966099015,0.03474544694663902,0.49202003504949526,0.018373748451387655,0.00044097087056285103,0.0067531348582659766,0.0018504674404666195,0.21508054140754662,0.9340400080601836,0.9765624528850461
1.4330125702369627,0.019109529749704406,0.006810973887279708,0.03420893783384379,0.011403362003593261,0.038207955911119904,0.03290932919433638,0.49385615714573033,0.01841663664092284,0.00039808344538731343,0.007063756331086398,0.0015398459696811372,0.17897688849980503,0.9375256541141526,0.9788419150770696
1.4330125702369627,0.042169650342858224,0.006826742495146586,0.03428813756958623,0.007800684390791578,0.026136871319521564,0.031034682819202433,0.495730802373759,0.018461535629538593,0.000353184462178287,0.007420206492543862,0.0011833958094356746,0.13754654944515465,0.9410844413850802,0.9812282903781396
1.4330125702369627,0.0930572040929699,0.006840403120321384,0.03435674966316969,0.0046861450856497296,0.01570133655416461,0.029449290588023674,0.4973161982295644,0.018500440633420892,0.0003142795791506552,0.007758675669055459,0.0008449266391534711,0.09820614771411547,0.9440941154779776,0.9832960801117485
1.4330125702369627,0.2053525026457146,0.006849957509709212,0.0344047383293131,0.0025112899322783577,0.008414295364105952,0.028361527641349655,0.49840395796527676,0.01852765609801474,0.0002870633947631757,0.008013937323013214,0.000589664978134782,0.06853698689165373,0.946159100365717,0.9847426162865004
1.4330125702369627,0.4531583637600818,0.006855530740358761,0.03443273094714534,0.0012440514587818124,0.004168302658988114,0.02773500412734602,0.499030480879397,0.018543533143131754,0.0002711864546528765,0.00817056852398807,0.000433033776090832,0.05033168212422611,0.9473484787504836,0.9855864737583012
1.4330125702369627,1.0,0.006858414091912755,0.03444720836745738,0.0005890814820281756,0.00197376873315265,0.027413285183889795,0.4993521991907576,0.018551745022116276,0.00026297508920523774,0.00825394760337812,0.00034965469779625526,0.040640499822792595,0.9479592228476491,0.9860229071891962
3.1622776601683795,0.0,0.0032422141209869242,0.016284411563754826,0.010703083798778538,0.035861613034477234,0.032541511391833984,0.49422401084901907,0.018425367709202643,0.0003893513176155709,0.007130335441131855,0.001473266857847736,0.17123837279443624,0.9382239155413933,0.9793060254016763
3.1622776601683795,0.0017782794100389228,0.0032446544144691947,0.01629666821131652,0.009553500910816188,0.03200983556697313,0.03194128384933076,0.4948242038737818,0.0184396891564913,0.0003750301352236493,0.007242396379652237,0.0013612059196345255,0.1582134868957587,0.9393633702401553,0.980067194763368
3.1622776601683795,0.003924189758484536,0.0032467024136503034,0.016306954533050082,0.008589369808734194,0.02877943047104172,0.03144132713826565,0.49532414357261956,0.018451708784205774,0.00036301052885943566,0.007339131634624903,0.001264470666556166,0.14696991124085135,0.9403124751213584,0.9807060353747953
3.1622776601683795,0.008659643233600654,0.0032496348045587507,0.016321682834674875,0.007209935483651274,0.024157515824970013,0.03073146722264196,0.49603402917373757,0.01846891964189849,0.00034579962269254156,0.007482117109217968,0.001121485192046335,0.13035065461841863,0.941660060438893,0.981620792857466
3.1622776601683795,0.019109529749704406,0.003253212206622497,0.016339650685866,0.005528820298341472,0.018524793138828207,0.029875018739364746,0.49689045886638905,0.01848991736852123,0.0003248027195900183,0.007664088964153345,0.000939513337038322,0.10919999601889917,0.9432859213266004,0.9827367764139494
3.1622776601683795,0.042169650342858224,0.0032569534414796067,0.01635844148375308,0.0037726031419101098,0.012640434851919097,0.028990449313508814,0.49777503345795804,0.018511878186803138,0.0003028419634704223,0.00786389007565208,0.0007397122255331529,0.08597703608769203,0.9449651690141466,0.9839039878854635
3.1622776601683795,0.0930572040929699,0.0032601852360611815,0.016374673545439682,0.002257132918817722,0.007562720095323629,0.028235442429998977,0.4985300414241902,0.0185308497953888,0.0002838704099799091,0.008044867947491912,0.0005587343539615205,0.06494190856161863,0.9463984575765884,0.9849123236018725
3.1622776601683795,0.2053525026457146,0.00326243229814464,0.01638595996632311,0.0012042212246005687,0.004034847962559953,0.027715398771360037,0.4990500852320007,0.018544041668122947,0.00027067783885680627,0.008175590865890276,0.0004280114370138772,0.04974793370788438,0.9473856970264561,0.9856135065549932
3.1622776601683795,0.4531583637600818,0.003263734295677787,0.016392499598133086,0.0005944988368752947,0.0019919200814506035,0.02741594075393682,0.49934955011904125,0.018551685649388413,0.00026303391428327645,0.008253250983466989,0.00035035131749526645,0.04072146819897544,0.9479541822139858,0.9860197802367913
3.1622776601683795,1.0,0.0032644046515694974,0.016395864364980445,0.0002809180175899293,0.0009412402469757853,0.027262410563966732,0.4995030767892125,0.018555618722315485,0.00025910139690700897,0.008293769001397718,0.0003098332996904557,0.03601204342642248,0.948245640197595,0.9862287934518731
