RAFi_0_uM,MEKi_0_uM,pMEK,pMEK_obs,pERK,pERK_obs,gdpRAS,gtpRAS,bound_CRAF,unbound_CRAF,uS1134SOS1,pS1134SOS1,pS1134SOS1_obs,gtpRAS_obs,bound_CRAF_obs
0.0,0.0,0.1530278418657834,0.7686007950287728,0.2121215218572256,0.7107316049589649,0.17471396376425125,0.3520515242774542,0.012956910958202136,0.005857810536831958,0.0019214009385098828,0.006682201362722992,0.7766748309327883,0.6683268594270192,0.6886581319644804
0.0,0.0017782794100389228,0.15306022223016297,0.7687634317527148,0.20517868579888654,0.6874690290548752,0.17005568172533442,0.3567098043901526,0.012987398356721845,0.005827320461148815,0.001971033961760552,0.006632568339552383,0.7709059655791195,0.677170038266229,0.6902786314502934
0.0,0.003924189758484536,0.15309529302704297,0.7689395788846425,0.1977155896555065,0.6624632768015186,0.1649439038113647,0.3618215979745688,0.01302034378767785,0.005794372978626983,0.002027327529681521,0.006576274771594491,0.7643629425571142,0.6868741342169465,0.692029752528399
0.0,0.008659643233600654,0.15316071728103872,0.7692681870606054,0.18394726456603916,0.6163313066916218,0.1552415590630448,0.3715239276404285,0.013081600871202302,0.005733111086292649,0.0021400884097237177,0.006463513892941029,0.7512567022000913,0.7052928428653235,0.6952857370740225
0.0,0.019109529749704406,0.15326738302284987,0.7698039169599495,0.16195484469155802,0.5426437890296567,0.1390905040320904,0.38767497962059705,0.013180875047864034,0.005633845066263461,0.002348760929384473,0.006254841371254129,0.7270026150313645,0.7359536485427793,0.7005618456140016
0.0,0.042169650342858224,0.15341422217706327,0.7705414337909099,0.13276482521356792,0.4448400904448125,0.11677013348382013,0.40999534965747525,0.013316388078395006,0.00549833076750051,0.0026979205827487637,0.005905681718164249,0.6864196544205139,0.7783261485025975,0.7077643937953397
0.0,0.0930572040929699,0.15360380951765956,0.7714936600847387,0.0980905160638282,0.3286608031843127,0.09002410311304392,0.43674137972337207,0.013489332619908596,0.005325387591001786,0.0032765095470529216,0.00532709275499634,0.6191700369190122,0.8291002238257885,0.7169563229585699
0.0,0.2053525026457146,0.15392012152742604,0.7730823871240025,0.05408408020330399,0.18121341521255785,0.05840709718809143,0.4683583860898619,0.013772735092519733,0.005041984592809746,0.0045017864081450054,0.004101815893191783,0.4767556367121317,0.8891212521658864,0.7320191489889077
0.0,0.4531583637600818,0.15427533874126695,0.7748665184710736,0.026619395538019487,0.08919060100398232,0.0413112200394985,0.4854542665470388,0.014083110387645432,0.004731608986954757,0.005872325123501313,0.0027312771775450124,0.3174573953996977,0.9215756895783033,0.7485155694991429
0.0,1.0,0.15461308105162994,0.7765627665763408,0.012744387982701662,0.04270118023791147,0.03361833145568528,0.49314715183449437,0.014370384679069448,0.004444335489341264,0.006939667336576921,0.0016639349644614666,0.193399800018725,0.9361796994637805,0.7637841302150667
0.005623413251903491,0.0,0.12058421638240867,0.6056487693580196,0.1911014819970384,0.6403021316732966,0.16032592460962866,0.3664397110695267,0.018255946529525315,0.0005587737423076813,0.0020799746884189864,0.006523627612426332,0.7582437430639227,0.6956408813514917,0.9703012463520808
0.005623413251903491,0.0017782794100389228,0.12059320269436703,0.6056939048226416,0.18395662115367678,0.6163626607223067,0.15524802387864783,0.37151701617877303,0.018259696449145307,0.0005550220017514965,0.002140007521439586,0.00646359478013748,0.7512661038449772,0.7052803203080352,0.9705006480325494
0.005623413251903491,0.003924189758484536,0.1206026004731872,0.605741091622336,0.17651668772753665,0.5914344232799442,0.14986799283411853,0.37689739108450826,0.018263615356343917,0.0005511046214044231,0.0022063167416990267,0.006397285558902817,0.743558957676985,0.7154938471483399,0.9707088586991357
0.005623413251903491,0.008659643233600654,0.12061936334481237,0.6058253056205611,0.1632986515670286,0.5471463341358205,0.14009748480440373,0.38666795148899863,0.01827060475207743,0.0005441133711951857,0.0023348499928902535,0.006268752307921324,0.7286194885286589,0.7340419944972029,0.971080439917824
0.005623413251903491,0.019109529749704406,0.12064535628060147,0.6059558562817068,0.1430529487352497,0.4793113478283572,0.12471379389283148,0.4020517406971467,0.018281429163582327,0.0005332909790940383,0.002563601562061934,0.006040000738213389,0.7020316057635653,0.7632461015318617,0.9716556517955105
0.005623413251903491,0.042169650342858224,0.120680458225005,0.6061321682027475,0.11653071601901413,0.39044637134233623,0.1041862730240135,0.4225798491888358,0.018296026094993586,0.0005186960087983523,0.0029410770193825514,0.005662525281613575,0.6581574883997099,0.802215312202794,0.9724313754974986
0.005623413251903491,0.0930572040929699,0.12073434575878167,0.6064028114166506,0.07989246342446187,0.26768664850929713,0.0764537160323401,0.4503116253440223,0.018318383033389993,0.0004963370395369826,0.00369206329605452,0.004911539003981537,0.5708700649681302,0.854861909037944,0.9736197489192957
0.005623413251903491,0.2053525026457146,0.1208121900065263,0.6067938050745149,0.04233165963596311,0.14183590931993523,0.05079831961978784,0.4759671545740161,0.01835057301377232,0.00046414720468020024,0.005001261053433849,0.003602341247289073,0.41870150680795465,0.903565586378774,0.975330634774734
0.005623413251903491,0.4531583637600818,0.12089160074877504,0.6071926636427137,0.020924006875611797,0.07010770591209518,0.03807473515238805,0.4886907197469266,0.018383271833789405,0.00043144757922775225,0.006268044428093902,0.0023355578724112806,0.27146278858962863,0.9277197568704174,0.9770686147501483
0.005623413251903491,1.0,0.1209606570588074,0.6075394258972919,0.010024543062061225,0.033588102846841515,0.032186683682997416,0.4945787723027254,0.018411583350470634,0.0004031363938530022,0.007196056136840724,0.0014075461640941543,0.16359963127784377,0.9388975049193992,0.9785733511138464
0.012409377607517195,0.0,0.11139602078291677,0.5594999446001159,0.18444413932106057,0.6179961017458997,0.15559760392827002,0.3711679417418756,0.018352617493525205,0.00046210268294842713,0.0021358013335128433,0.006467800968048647,0.7517549906827735,0.704616968199162,0.9754393007913962
0.012409377607517195,0.0017782794100389228,0.1114041148847632,0.5595406076332965,0.177289982869424,0.5940255059557198,0.15043122300322814,0.37633376441881694,0.018355759491977628,0.0004589600974338106,0.0021992339210343027,0.006404368381792679,0.7443821967094322,0.7144244082367194,0.9756063280532703
0.012409377607517195,0.003924189758484536,0.1114124796335604,0.5595826422342124,0.16991472348859885,0.569314120507257,0.14501983744085054,0.38174562684773744,0.018359007159692804,0.00045571058770182033,0.002268695827917343,0.006334906469965769,0.7363086124430056,0.7246975223846462,0.9757790367190107
0.012409377607517195,0.008659643233600654,0.11142728212237814,0.5596569495009844,0.15695429009136708,0.5258889668321259,0.13532322765063343,0.3914415449950353,0.018364748157266842,0.0004499712508267993,0.0024020151993429766,0.006201587093956954,0.7208128505412728,0.7431050163605772,0.9760840838990545
0.012409377607517195,0.019109529749704406,0.11144999351146534,0.5597710310168145,0.13730249387461613,0.4600439483884138,0.12028033657598779,0.4064851662018456,0.018373560881381555,0.00044115999357484924,0.0026369822261433687,0.0059666200717996155,0.6935025429088186,0.7716624647177837,0.9765524029558119
0.012409377607517195,0.042169650342858224,0.11148097129599326,0.559926623910535,0.11139924649343153,0.37325285800996466,0.10022010529983295,0.42654556605469074,0.018385577147011473,0.00042914328672983724,0.0030273209069643244,0.005576281393927158,0.6481333282164099,0.8097444257479303,0.9771910888476327
0.012409377607517195,0.0930572040929699,0.11153163843023114,0.5601811079214474,0.07398348034137253,0.24788808733534873,0.07217918315016451,0.4545863785122193,0.018405222714599014,0.0004094966189595392,0.003850638907334885,0.00475296339436989,0.5524387608465011,0.8629766476715377,0.9782353054701617
0.012409377607517195,0.2053525026457146,0.11160032950936147,0.5605261261872305,0.0390891809648817,0.13097170066199817,0.04877466053041608,0.4779908895267442,0.01843183799157444,0.00038288053224679844,0.005159189304886978,0.0034444129946658787,0.400345445400805,0.9074072696570182,0.9796499463033667
0.012409377607517195,0.4531583637600818,0.11166968613878983,0.5608744845000868,0.01935336057134073,0.06484511872562256,0.037201452558896675,0.4895640446777332,0.018458683400498423,0.0003560348900635881,0.006386733566704014,0.0022168687348763086,0.2576675045136746,0.9293775830914299,0.9810767886839855
0.012409377607517195,1.0,0.11172883630896911,0.5611714972665908,0.009275772272219448,0.03107928164536113,0.0317969429296587,0.4949685258800611,0.018481547711893687,0.0003331724062937567,0.007269999557241643,0.0013336027440874361,0.15500515916239202,0.9396373816956769,0.9822919286494362
0.027384196342643614,0.0,0.09546569350173163,0.4794879591018971,0.1719724222625798,0.5762085417425263,0.14653807223010423,0.380227472696308,0.01840142051094839,0.0004132981769162048,0.002248878470009023,0.006354723831003507,0.7386119916602422,0.7218153813560918,0.9780332523822008
0.027384196342643614,0.0017782794100389228,0.09547332699740375,0.479526302299983,0.16486653127435985,0.5523996574252232,0.14126939966637014,0.3854960074127399,0.018404265250619074,0.0004104540522707019,0.0023188263350995696,0.006284775965516178,0.7304819244220976,0.7318172420438505,0.9781844179728127
0.027384196342643614,0.003924189758484536,0.09548108266635515,0.4795652569537133,0.1576732249777727,0.5282978648857126,0.13586707070423745,0.3908986079464977,0.018407155877615787,0.0004075636469773925,0.002394210624487721,0.006209391676943522,0.7217199795381715,0.742073038903655,0.9783380429113144
0.027384196342643614,0.008659643233600654,0.09549455024680442,0.4796328999518162,0.1452640500068311,0.48671983318633266,0.12641253195836183,0.40035260959367786,0.018412176672142542,0.0004025425704053892,0.0025364616044518417,0.006067140696347452,0.7051860934789839,0.7600210758329494,0.9786049121851857
0.027384196342643614,0.019109529749704406,0.09551504512805166,0.47973583461107555,0.12669511894706975,0.42450301123941386,0.11206534920460057,0.414700135755488,0.018419820591034704,0.00039489929068095824,0.0027839772130827745,0.005819625098525112,0.6764172596254637,0.7872576081686699,0.9790111522699457
0.027384196342643614,0.042169650342858224,0.09554447567909655,0.47988365663724264,0.10124039475728454,0.33921473919688144,0.09242178181382162,0.4343438243131765,0.018430804729486466,0.0003839142010441295,0.003213897345193873,0.005389704958104653,0.6264474772431428,0.8245485644111319,0.9795950073736605
0.027384196342643614,0.0930572040929699,0.09559629013569192,0.4801439007502666,0.0634319162165926,0.2125341565141764,0.06474744748727007,0.4620180707456481,0.018450162222787093,0.00036455741990299546,0.004170498451108845,0.0044331038489195,0.5152613631275,0.877084878857541,0.9806238186469801
0.027384196342643614,0.2053525026457146,0.09565945434321903,0.48046115553724394,0.033506935508512865,0.11226790378795022,0.045370226093774293,0.4813952317490262,0.01847378985799245,0.0003409293509821724,0.005455788257989527,0.0031478140431749433,0.36587163527408706,0.9138701571671494,0.9818796471424599
0.027384196342643614,0.4531583637600818,0.09572224029342397,0.48077651133290844,0.01663729102541242,0.055744694225083824,0.03571096934563116,0.4910541507142538,0.018497304815663484,0.00031741494511928705,0.006602945218132259,0.0020006570845358157,0.23253714132223305,0.9322070350034354,0.9831294354019088
0.027384196342643614,1.0,0.09577392452534025,0.48103603688247304,0.007978066444096238,0.026731205381077955,0.031125957850490937,0.4956395244882575,0.01851667636196154,0.0002980436993580654,0.007401816324085351,0.001201785976829136,0.13968404568181825,0.9409111665550006,0.9841590149421992
0.060429639023813285,0.0,0.07274130444939826,0.3653519760431038,0.15156988702313104,0.5078480868915993,0.13123574477377029,0.3955296975503795,0.01842566842988462,0.0003890512214046771,0.00246212497938074,0.006141477321241965,0.7138262679572557,0.7508649310882213,0.9793219761646559
0.060429639023813285,0.0017782794100389228,0.07274812711721342,0.36538624391417945,0.14469872852837912,0.4848256727305666,0.12597863986268545,0.4007867940307225,0.018428333757781586,0.0003863861156281851,0.0025433457637400814,0.006060256537093052,0.7043859450019215,0.7608449002973516,0.9794636264463203
0.060429639023813285,0.003924189758484536,0.07275489813709451,0.3654202524692691,0.13792110814999564,0.4621166663300008,0.12075816657364033,0.40600731905005355,0.018430980554796687,0.0003837388241154072,0.0026288871539813406,0.00597471514705591,0.6944434363656719,0.7707553553349025,0.979604329121937
0.060429639023813285,0.008659643233600654,0.07276647809435446,0.3654784149219439,0.12646939965395124,0.42374672157067533,0.11189027850812643,0.41487519459730376,0.018435508881311263,0.0003792103651057826,0.002787283471847425,0.005816318829316905,0.6760329715065722,0.7875899537444945,0.9798450160143635
0.060429639023813285,0.019109529749704406,0.0727848436277817,0.3655706562685744,0.10913287409289596,0.36565918088326826,0.09847319561475128,0.42829243670582673,0.01844270363860938,0.0003720165236869845,0.0030670429243853294,0.005536559375836887,0.643516422846961,0.8130607056103083,0.9802273687581873
0.060429639023813285,0.042169650342858224,0.07281679957909712,0.3657311580151571,0.08119038274785725,0.2720354354561686,0.07740242299680265,0.4493629796555342,0.018455230907554607,0.00035948964628868186,0.003658965667197268,0.00494463663318409,0.5747170151001654,0.8530609212239982,0.9808931711071707
0.060429639023813285,0.0930572040929699,0.07286613079266797,0.36597893026092443,0.04821982420463392,0.16156470631573303,0.05455797055142754,0.4722083922978269,0.018474611585941984,0.00034010775941059845,0.004737891084927762,0.0038657112136564744,0.44931309926919744,0.8964285223978096,0.981923314763948
0.060429639023813285,0.2053525026457146,0.07292153027891801,0.3662571855149819,0.025596070198896977,0.08576186121479912,0.040721656168350495,0.48604382417433356,0.018496434796851757,0.0003182859234843094,0.005939701893544775,0.002663900409087279,0.3096261676661096,0.9226949037323813,0.9830831438736004
0.060429639023813285,0.4531583637600818,0.07297461598065146,0.3665238189231574,0.012756176632599564,0.04274068007692752,0.033624596481976195,0.4931409478599711,0.018517401400149472,0.0002973190841423226,0.006938595826349545,0.001665006473793231,0.1935243419800565,0.9361678134738666,0.9841975285048454
0.060429639023813285,1.0,0.07301569737833931,0.3667301042075893,0.006116802285503406,0.020494877848173717,0.03017346537076312,0.4965917372059688,0.018533659119589492,0.00028106297669382814,0.007599444974471042,0.001004157325798787,0.11671359167395433,0.9427193268971338,0.985061539827402
0.1333521432163324,0.0,0.04779897733203367,0.24007612805365772,0.12359972650344303,0.414131632944643,0.1096645859514052,0.4171011129883886,0.018441517696539768,0.0003732019394785543,0.0028300125618894445,0.005773589739258532,0.6710665529586558,0.7918152488437947,0.9801643635037692
0.1333521432163324,0.0017782794100389228,0.04780434662936146,0.24010309745717762,0.11711324484018651,0.39239811062468144,0.10463701093498452,0.42212848861392127,0.018444122326272724,0.00037059726833639034,0.002931596117115425,0.005672006183637407,0.6592594573020994,0.8013594075075359,0.9803028014064811
0.1333521432163324,0.003924189758484536,0.04780972279964241,0.24013010125203152,0.11072353528735601,0.37098883234747587,0.09969891373046523,0.42706673068500445,0.018446731557057533,0.00036798770737839757,0.003039055822648876,0.005564546478355905,0.646769374463769,0.810733834320011,0.9804414989027246
0.1333521432163324,0.008659643233600654,0.04781963424656914,0.24017988214523728,0.09929210317325485,0.3326868268337435,0.09093741823710412,0.4358281898273162,0.01845154515784218,0.0003631739906919552,0.0032523391248883804,0.005351263176884255,0.6219793743583095,0.8273664475339398,0.9806973472298548
0.1333521432163324,0.019109529749704406,0.04783861571930087,0.24027521787552536,0.07910020835190114,0.26503212969847395,0.07587635938117747,0.45088920804212673,0.018460776307407258,0.0003539435783290739,0.0037125621514438574,0.004891040148525248,0.5684874751292038,0.8559580123045397,0.9811879432445123
0.1333521432163324,0.042169650342858224,0.047868227972031906,0.24042394901802341,0.053514405332713635,0.17930467021449378,0.05802868447357507,0.46873673111455594,0.018475209330232466,0.00033951026346980663,0.0045236854978129275,0.004079916803154831,0.47421029708636225,0.8898396083790243,0.9819550718372945
0.1333521432163324,0.0930572040929699,0.047905408814795034,0.24061069333562976,0.03167712801235357,0.10613697140788174,0.04427650990800756,0.48248897566969046,0.018493384664280733,0.0003213356586502165,0.005560574505502733,0.0030430277963402973,0.3536922895295186,0.9159464484286611,0.9829210504788332
0.1333521432163324,0.2053525026457146,0.0479459268985844,0.24081420461891442,0.016943689616853535,0.05677130587932622,0.03587788883319802,0.4908875770271647,0.018513257455264262,0.0003014620535919467,0.006577824706271981,0.002025777595097206,0.23545690794829294,0.9318902032148232,0.9839773293750115
0.1333521432163324,0.4531583637600818,0.04798181084506479,0.24099444501251938,0.008465806406569094,0.028365421857013268,0.03137747157324115,0.49538790173851854,0.018530913843380944,0.00028379983666161683,0.007351716395545943,0.00125188590484635,0.14550717956701334,0.940433686109678,0.9849160693334037
0.1333521432163324,1.0,0.04800717383041729,0.2411217962488124,0.00405263248614942,0.013578697571785737,0.029130800071312076,0.49763466744778445,0.018543422659885296,0.00027129684543915057,0.00783133650906576,0.0007722657920533435,0.08976074962843086,0.9446987286229879,0.9855806064309184
0.29427271762092816,0.0,0.027267344643508277,0.1369535285219768,0.08677084700733834,0.29073326996536913,0.08151809347941849,0.4452473910421045,0.018458295162447173,0.0003564233100350613,0.003523170583040799,0.005080431718095359,0.5905005299262214,0.8452478458161263,0.981056144392681
0.29427271762092816,0.0017782794100389228,0.02727265386456835,0.13698019469232062,0.07852987063568342,0.2631211655069657,0.07546154792666894,0.451304281381823,0.01846221179569393,0.00035250620645887435,0.0037274605856804244,0.004876141716692542,0.5667558245163946,0.8567455523344607,0.9812643375033031
0.29427271762092816,0.003924189758484536,0.027277916377892366,0.13700662558864313,0.07089120532015583,0.2375271484837159,0.06997316764208987,0.45679230892870576,0.018466097462850047,0.00034862193571784785,0.00393917865873398,0.004664423642934067,0.5421477515330687,0.8671644768795237,0.9814707874014649
0.29427271762092816,0.008659643233600654,0.027286734936349383,0.13705091773582412,0.059351195439986015,0.19886134026824656,0.0619497976635456,0.46481564101285744,0.01847261600270398,0.0003421038879440504,0.004308923716110025,0.004294678584975194,0.4991721414684037,0.8823958575961123,0.9818172213069143
0.29427271762092816,0.019109529749704406,0.027299887176460553,0.13711697687502813,0.04507931116386793,0.15104215170989096,0.05253922339370108,0.4742262085605663,0.018482354576453905,0.00033236446267727077,0.0048748105301439845,0.0037287917701757027,0.43339889967219325,0.9002606849147545,0.9823348697375702
0.29427271762092816,0.042169650342858224,0.02731791271743277,0.1372075113499031,0.03047344698453653,0.10210393374677475,0.04356308234281813,0.48320240751786736,0.0184957338298145,0.0003189865359050716,0.0056317277054818635,0.0029718745952255704,0.3454221256811472,0.9173008042832532,0.9830459060934935
0.29427271762092816,0.0930572040929699,0.027339928296137402,0.13731808754499925,0.01820555741713322,0.060999302889658685,0.03656854122596563,0.49019690067446897,0.01851212427039583,0.000302595517876414,0.006476352214053092,0.002127250087228776,0.2472510946852846,0.930579080711835,0.9839170861282223
0.29427271762092816,0.2053525026457146,0.027362037069100276,0.13742913373172314,0.00978679353004433,0.032791503062343824,0.0320627306302503,0.4947027593737929,0.018528639217224776,0.00028608002310460365,0.007219371130760612,0.0013842311709267383,0.16088972065285503,0.9391328186096523,0.9847948821637799
0.29427271762092816,0.4531583637600818,0.027379503907403662,0.13751686419586423,0.0048858570802612225,0.01637048928869497,0.029549975117353317,0.497215557259387,0.018541725709831067,0.00027299424631138463,0.007736048367663381,0.0008675539333420171,0.10083612689078349,0.9439029828242073,0.9854903901334838
0.29427271762092816,1.0,0.027390624900722377,0.1375727028065524,0.0023303062495451323,0.0078078937475953136,0.02827172083433467,0.4984937611392581,0.01855007277951207,0.00026464730645333847,0.008035938386389347,0.000567663914666812,0.06597979483513863,0.9463295872607095,0.9859340290344928
0.6493816315762113,0.0,0.01405174084208087,0.07057656369065314,0.04541178545116817,0.15215613622708618,0.05275149199667134,0.47401400759900186,0.0184823493030186,0.00033236945541730175,0.004859941981176036,0.0037436603200135155,0.4351270768868418,0.8998577316905497,0.9823346041105038
0.6493816315762113,0.0017782794100389228,0.014054721536768313,0.07059153444631028,0.04052805431001445,0.13579277042075563,0.04966852556130707,0.47709695952447745,0.018486293750387236,0.00032842535226578135,0.005087893536601169,0.0035157087645860535,0.40863218004636453,0.9057103645406475,0.9825442330297947
0.6493816315762113,0.003924189758484536,0.01405751034731937,0.0706055410784171,0.0363902291070432,0.12192862667444586,0.04711598366437679,0.47964952822491047,0.018489987504133176,0.00032473304658625125,0.005298456125100569,0.0033051461758812446,0.38415840949599367,0.9105560584340614,0.9827404799496836
0.6493816315762113,0.008659643233600654,0.014062044051052368,0.07062831270040212,0.03045057772058502,0.10202730901263368,0.04354957615542795,0.4832159301049116,0.018495998628852078,0.0003187204219446486,0.005633097208041632,0.0029705050929245257,0.3452629478922971,0.917326446705671,0.9830600488328228
0.6493816315762113,0.019109529749704406,0.014068666297696104,0.0706615737734553,0.02325688634838033,0.07792422042929772,0.03938722437227071,0.4873783534912541,0.018504793388222654,0.00030992546397178066,0.006099678946264559,0.002503923354254796,0.2910319732123889,0.9252281735415973,0.9835274995918617
0.6493816315762113,0.042169650342858224,0.014077392996686536,0.0707054041420418,0.015843593559818594,0.053085337782112774,0.03528017624600787,0.49148529123789736,0.018516409142509266,0.00029831123922552155,0.0066689187627366805,0.0019346835380824692,0.22486901072801424,0.9330248878793743,0.9841447955019773
0.6493816315762113,0.0930572040929699,0.0140872070438192,0.07075469653834995,0.009511594516654436,0.03186942446423616,0.03191948853339784,0.49484600772439713,0.01852950749644684,0.00028521226569614224,0.007246547980395434,0.0013570543202062713,0.15773094487542316,0.9394047469696505,0.9848410037831117
0.6493816315762113,0.2053525026457146,0.0140959835948567,0.0707987785413808,0.005111421836802636,0.017126263428060253,0.029663845847947286,0.4971016240109964,0.018541253337941925,0.00027346695213886687,0.007710650156627764,0.0008929521447043617,0.10378817074867616,0.9436868064721654,0.9854652661361625
0.6493816315762113,0.4531583637600818,0.014102157632126468,0.07082978925535269,0.0025418570856334238,0.008516713299433688,0.028376704909827334,0.49838876141378824,0.018549534362259312,0.00026518608492242114,0.00801023334990025,0.0005933689511881638,0.06896750110277629,0.9461302862014245,0.9859053932973983
0.6493816315762113,1.0,0.014105753293924744,0.07084783982541443,0.0012072095489788293,0.004044860574900137,0.027716869753187632,0.49904861776160053,0.018554361288912292,0.00026035875320144005,0.008175213841567552,0.00042838846032302805,0.04979175527777391,0.9473829048976767,0.9861619650667847
1.4330125702369627,0.0,0.0068409222387773375,0.034359358320202135,0.0222361287510922,0.07450408479348578,0.03881067709560888,0.48795481415762076,0.01850625863384782,0.0003084543544900689,0.0061722214977690815,0.0024313808058712607,0.28260032484794173,0.926322665892036,0.9836056837709264
1.4330125702369627,0.0017782794100389228,0.006842274045385954,0.03436614672826771,0.019844605448324983,0.06649107615804417,0.03747368334894898,0.4892917436405315,0.018509797674032453,0.00030492203618287436,0.006349131400872256,0.0022544709008660473,0.2620380187041591,0.9288607766779351,0.9837934319044189
1.4330125702369627,0.003924189758484536,0.006843501808494951,0.03437231340356783,0.017834776270483105,0.05975696882349849,0.03636504931321814,0.490400455548569,0.018513014110644075,0.00030170512631272844,0.006505842116147905,0.0020977601847056554,0.2438234720005058,0.9309653935620579,0.9839644098584207
1.4330125702369627,0.008659643233600654,0.006845432645000647,0.03438201124260276,0.014959144858729095,0.0501219157265864,0.0348026035457282,0.49196286768121095,0.01851807731824574,0.0002966422187952977,0.006744006281615764,0.0018595960190813357,0.2161415595570548,0.9339315018794462,0.9842335030181399
1.4330125702369627,0.019109529749704406,0.006848111926176635,0.034395468002482776,0.011464242136304953,0.0384119399718594,0.03294138424681836,0.4938240956276942,0.018525112935830132,0.0002896077910177268,0.007058026836171488,0.00154557546427643,0.1796428298639472,0.9374648007408034,0.9846073829517722
1.4330125702369627,0.042169650342858224,0.006851389817401681,0.03441193171958731,0.007828259424733053,0.026229263881684433,0.031048860267102126,0.49571656401939074,0.01853373588829873,0.00028098422316897393,0.00741734164204582,0.00118626066054179,0.13787953217979537,0.9410575204149769,0.985065723991413
1.4330125702369627,0.0930572040929699,0.006854736116740691,0.03442873882596657,0.004695791923785341,0.015733659115509727,0.029454150362480714,0.497311332220681,0.018542556486847023,0.00027216395069908767,0.0077575796367144395,0.0008460226636489514,0.09833353915175948,0.9440848891274299,0.9855345206110018
1.4330125702369627,0.2053525026457146,0.006857431133684443,0.034442275540843274,0.0025139969671422735,0.008423365527334123,0.028362870650310484,0.4984025995775031,0.01854967357687117,0.00026504574087931444,0.008013609159562906,0.0005899931411478125,0.06857512940818694,0.9461565492551262,0.9859128517198092
1.4330125702369627,0.4531583637600818,0.006859166257064442,0.034450990860112725,0.0012447065858392187,0.004170497722453659,0.02773532584372191,0.49903014768798637,0.01855426200305415,0.0002604571028737522,0.00817048596910067,0.0004331163318689281,0.05034127760881245,0.9473478668642236,0.986156737105276
1.4330125702369627,1.0,0.006860118237307888,0.03445576766692649,0.0005892273347186303,0.0019742574261836115,0.02741335662396518,0.4993521271045784,0.018556779018781524,0.00025794093766358275,0.008253928846408933,0.0003496734545819608,0.040642679932066154,0.947959087163557,0.9862904715956068
3.1622776601683795,0.0,0.003259017073808934,0.016368806506210698,0.010757291678941981,0.03604324139482509,0.03256992104458921,0.4941955560044073,0.018526681515325952,0.0002880363482413536,0.00712513683199446,0.0014784654693314008,0.17184260935719467,0.9381699779813784,0.9846909026045454
3.1622776601683795,0.0017782794100389228,0.003259513238126008,0.016371298475937292,0.009596302331713552,0.03215324553099194,0.03196355057886046,0.4948019262700335,0.0185293619263609,0.0002853569557354527,0.007238161020112941,0.0013654412809171873,0.15870576453234014,0.9393210983186162,0.9848333128162229
3.1622776601683795,0.003924189758484536,0.0032599502200062647,0.016373493343813557,0.008623682539243217,0.028894398219055466,0.03145906631915797,0.4953064038421668,0.018531723896524827,0.00028299378399147487,0.007335644569858104,0.0012679577307245684,0.14737521405873177,0.9402787993876579,0.9849589141438712
3.1622776601683795,0.008659643233600654,0.0032606128301688035,0.016376821278611748,0.0072338041456870275,0.024237489841433812,0.030743695457834567,0.49602179887788145,0.018535308273849114,0.00027941116924308474,0.007479595646560709,0.0011240066541294829,0.1306437251335192,0.9416368463985936,0.9851493310815395
3.1622776601683795,0.019109529749704406,0.0032614853466825773,0.016381203519039125,0.005542621112845439,0.018571033983193073,0.029882011421330405,0.4968834729500761,0.018540032685579542,0.00027468750292943374,0.007662559071957776,0.000941043229141318,0.10937781596681913,0.943272647301506,0.985400393937445
3.1622776601683795,0.042169650342858224,0.0032624841125065804,0.01638621996435292,0.003778910668512864,0.012661568780440176,0.028993608631889805,0.49777188577729375,0.018545447261800664,0.00026927269738633074,0.007863153842411267,0.0007404484580050473,0.08606260867836932,0.9449591726496623,0.9856881899932357
3.1622776601683795,0.0930572040929699,0.00326342896975166,0.016390965559461363,0.0022593537133375583,0.007570161056020074,0.02823654353219907,0.49852894486737226,0.018550576107690293,0.0002641444639472512,0.008044596644519654,0.0005590056569783149,0.06497344221512732,0.9463963677309447,0.9859607554126829
3.1622776601683795,0.2053525026457146,0.003264136560331365,0.016394519838611663,0.0012048461299889082,0.004036941764442849,0.027715707616500912,0.4990497949947208,0.018554421353656397,0.000260298060631058,0.008175512019055295,0.00042809028163211135,0.04975709786096319,0.9473851125802427,0.9861651904076023
3.1622776601683795,0.4531583637600818,0.0032645677452714144,0.016396685692876705,0.000594650109322907,0.0019924269319513094,0.027416012604882647,0.49934944456561664,0.018556766392288808,0.0002579532592986244,0.008253231533010393,0.00035037076799047045,0.04072372893732101,0.947954042483828,0.9862898164801058
3.1622776601683795,1.0,0.003264796485075632,0.01639783239778503,0.0002809516722299463,0.000941353009809048,0.027262427025271353,0.49950306035383446,0.01855800853986536,0.000256711579226543,0.008293764631583888,0.00030983766958565714,0.03601255134067957,0.9482456089503621,0.9863558119599105
