RAFi_0_uM,MEKi_0_uM,pMEK,pMEK_obs,pERK,pERK_obs
0.0,0.0,0.05595686041196462,0.2810500815547781,0.13365901248108583,0.4478361440645667
0.0,0.0017782794100389228,0.021835674527175893,0.10967230893653593,0.06704303756256547,0.22463352669599035
0.0,0.003924189758484536,0.012692334763342987,0.06374878219714517,0.03676863562284154,0.12319651067998348
0.0,0.008659643233600654,0.0070819588354707,0.03556999241631533,0.01839229080588126,0.06162496957881145
0.0,0.019109529749704406,0.0041403095576162926,0.020795204121741007,0.008770874684705743,0.029387578253327398
0.0,0.042169650342858224,0.0027106558751679053,0.013614596150459278,0.004057749247699809,0.013595841730268924
0.0,0.0930572040929699,0.0020337966422163036,0.010214988938257865,0.0018385756090833804,0.006160307449975343
0.0,0.2053525026457146,0.001704105531572461,0.008559075703308388,0.0008192420907260321,0.0027449418862314596
0.0,0.4531583637600818,0.0015161944187620131,0.0076152696014527435,0.000357084073982012,0.0011964412657187757
0.0,1.0,0.0013623007525131894,0.006842320496092017,0.00014982296122821603,0.0005019948572997535
0.005623413251903491,0.0,0.034492147465757614,0.1732409716178821,0.10329151414394859,0.34608720026108974
0.005623413251903491,0.0017782794100389228,0.011985535129731634,0.060198795791209674,0.03681284057453108,0.12334462311464194
0.005623413251903491,0.003924189758484536,0.006879626477068248,0.03455375376224005,0.02007550782384559,0.06726473451391969
0.005623413251903491,0.008659643233600654,0.003820200910251757,0.019187419829044868,0.010055709540157057,0.03369252914657227
0.005623413251903491,0.019109529749704406,0.0022293282429942714,0.011197069985984897,0.004782700594625951,0.01602485421124913
0.005623413251903491,0.042169650342858224,0.001458359040951139,0.007324784250112138,0.0022017250180175535,0.0073770712344586676
0.005623413251903491,0.0930572040929699,0.0010937558685407774,0.005493520767687034,0.0009933956676262427,0.003328458563179521
0.005623413251903491,0.2053525026457146,0.0009162578140015627,0.0046020154758821975,0.0004414956482905495,0.0014792695762152108
0.005623413251903491,0.4531583637600818,0.0008151310498971157,0.0040940941538928416,0.00019217430887613255,0.0006438967476968782
0.005623413251903491,1.0,0.0007323434082693201,0.0036782834469753383,8.057749475692499e-05,0.00026998190168921996
0.012409377607517195,0.0,0.032716221802012405,0.16432117066708918,0.09980913917400357,0.33441920018319843
0.012409377607517195,0.0017782794100389228,0.01127136552103769,0.05661179276863969,0.03463012968096252,0.11603126048298606
0.012409377607517195,0.003924189758484536,0.00646444677478689,0.03246846360502755,0.018886061701421493,0.0632793918507842
0.012409377607517195,0.008659643233600654,0.0035883959774049698,0.01802315160028111,0.009459023561158922,0.03169328088966178
0.012409377607517195,0.019109529749704406,0.0020936023674988026,0.01051537039545388,0.004496615001545069,0.015066299542180557
0.012409377607517195,0.042169650342858224,0.0013693115747347292,0.006877532584488861,0.00206873274357869,0.006931468964264353
0.012409377607517195,0.0930572040929699,0.0010268044973203861,0.005157249440645607,0.0009329327016154472,0.003125872137315229
0.012409377607517195,0.2053525026457146,0.0008600752323133939,0.0043198316706382104,0.0004144984162435417,0.0013888130011950209
0.012409377607517195,0.4531583637600818,0.0007650999018467088,0.0038428066645836002,0.00018039368151323375,0.0006044247282367263
0.012409377607517195,1.0,0.0006873704701578338,0.0034524014225021313,7.563188892972857e-05,0.00025341121934295075
0.027384196342643614,0.0,0.030951379639215876,0.155457037957319,0.0960078345612539,0.32168259846042485
0.027384196342643614,0.0017782794100389228,0.010579610182337468,0.05313736816111683,0.03251892812025062,0.10895749615940407
0.027384196342643614,0.003924189758484536,0.006063401122479113,0.03045416347241563,0.01773686962515782,0.05942892388131487
0.027384196342643614,0.008659643233600654,0.003364560656706062,0.01689891170486712,0.008882069888881104,0.02976014746552789
0.027384196342643614,0.019109529749704406,0.0019623717423106705,0.009856248751750275,0.004219630809668676,0.014138239911682483
0.027384196342643614,0.042169650342858224,0.0012830188546788688,0.00644411698525908,0.0019397524762050833,0.00649930935980714
0.027384196342643614,0.0930572040929699,0.0009617778874069006,0.004830645407690243,0.0008741881343869698,0.002929043328882525
0.027384196342643614,0.2053525026457146,0.0008054179510371918,0.0040453088675716665,0.0003882309335980764,0.0013008015085590118
0.027384196342643614,0.4531583637600818,0.0007163802661116964,0.0035981064105328393,0.00016892138618693903,0.0005659858082043717
0.027384196342643614,1.0,0.0006435552800536115,0.003232334320548028,7.081352632523628e-05,0.00023726687667326583
0.060429639023813285,0.0,0.028984868628043604,0.14557999912321076,0.09130218435957198,0.30591590809427804
0.060429639023813285,0.0017782794100389228,0.009832443055579294,0.0493846311431481,0.03024189145993688,0.10132808685231215
0.060429639023813285,0.003924189758484536,0.005631694528623717,0.02828586503163205,0.016499405691635074,0.05528269340703873
0.060429639023813285,0.008659643233600654,0.0031236540200146523,0.01568892906377212,0.008260240995682323,0.02767665567980048
0.060429639023813285,0.019109529749704406,0.0018208132313619588,0.009145254086379206,0.003920474009897608,0.013135889060971361
0.060429639023813285,0.042169650342858224,0.0011895933937403225,0.005974876338931575,0.0018000259431472537,0.006031143424311466
0.060429639023813285,0.0930572040929699,0.00089111816873011,0.004475748482788007,0.0008103439459762355,0.002715127859670785
0.060429639023813285,0.2053525026457146,0.0007458675682229062,0.003746209894651468,0.0003596115832349306,0.001204909891840298
0.060429639023813285,0.4531583637600818,0.0006632166602679975,0.00333108578129759,0.0001564028481529006,0.0005240413523242059
0.060429639023813285,1.0,0.0005957060735632777,0.002992005894539122,6.555160460539411e-05,0.00021963635061403474
0.1333521432163324,0.0,0.026602839301333753,0.13361596955827135,0.0849196687232511,0.2845307345876823
0.1333521432163324,0.0017782794100389228,0.008962137651414528,0.04501341728919999,0.02759357550838845,0.09245467398764154
0.1333521432163324,0.003924189758484536,0.005131004503013237,0.02577108897462574,0.015063349955977311,0.050471063773988245
0.1333521432163324,0.008659643233600654,0.00284427362602626,0.014285707336273582,0.00753789743795107,0.025256380779553562
0.1333521432163324,0.019109529749704406,0.0016561096993954923,0.008318010619318717,0.003571940049541522,0.011968095612210617
0.1333521432163324,0.042169650342858224,0.001080324157681028,0.005426058402334322,0.0016365162875427793,0.005483290131555472
0.1333521432163324,0.0930572040929699,0.0008080457878607161,0.004058507430693217,0.000735280455044024,0.0024636211006272657
0.1333521432163324,0.2053525026457146,0.0006755923611897004,0.003393244172281902,0.00032584050863953407,0.001091756968002235
0.1333521432163324,0.4531583637600818,0.0006003409297219812,0.003015284828666286,0.00014159832308420403,0.0004744375040132957
0.1333521432163324,1.0,0.0005390531000654567,0.002707459473605556,5.932175511919457e-05,0.00019876269811028248
0.29427271762092816,0.0,0.023614471990093096,0.11860653421850675,0.07606383975761881,0.25485850946135913
0.29427271762092816,0.0017782794100389228,0.007922629365537493,0.039792361550222546,0.024435079738151424,0.0818718592880041
0.29427271762092816,0.003924189758484536,0.0045362925539026615,0.02278407648178618,0.013355725421946161,0.04474951930712271
0.29427271762092816,0.008659643233600654,0.0025124712599433087,0.012619189932226047,0.006678120948658642,0.0223756248949954
0.29427271762092816,0.019109529749704406,0.0014596613379546325,0.007331325121396374,0.003155563600277929,0.010572990228257202
0.29427271762092816,0.042169650342858224,0.0009490986660939417,0.004766962553161058,0.0014400419078786008,0.004824985644121764
0.29427271762092816,0.0930572040929699,0.0007076015233898294,0.0035540139948382825,0.0006445212566500377,0.002159524510545781
0.29427271762092816,0.2053525026457146,0.000590203089347044,0.002964366248302611,0.00028481195704195723,0.0009542872359888564
0.29427271762092816,0.4531583637600818,0.0005237238352037922,0.002630466220556255,0.00012356012520683027,0.0004139989526343885
0.29427271762092816,1.0,0.00046991918474990435,0.0023602260121166167,5.17198327803176e-05,0.00017329179645534398
0.6493816315762113,0.0,0.019917058362664247,0.10003582824192919,0.06438601430978343,0.21573093985199096
0.6493816315762113,0.0017782794100389228,0.006710896045649648,0.03370628480381571,0.020757338523974843,0.06954926757429132
0.6493816315762113,0.003924189758484536,0.003848099026075204,0.019327541482147968,0.011375639695213002,0.03811506989891747
0.6493816315762113,0.008659643233600654,0.0021287119279696097,0.010691712411476402,0.005680692849905965,0.01903365533562475
0.6493816315762113,0.019109529749704406,0.0012312729937532393,0.006184217116274725,0.002670514070011735,0.008947789592749606
0.6493816315762113,0.042169650342858224,0.0007952404015063059,0.003994190858135622,0.001209532718470359,0.0040526445587717765
0.6493816315762113,0.0930572040929699,0.0005888396403256662,0.0029575181147713384,0.0005372164798778047,0.0017999905271850471
0.6493816315762113,0.2053525026457146,0.0004886267662498969,0.0024541869021931393,0.00023601485236938253,0.0007907882926639922
0.6493816315762113,0.4531583637600818,0.00043225993373405193,0.0021710777253626393,0.0001020293430274045,0.0003418581927704187
0.6493816315762113,1.0,0.00038724132740731196,0.0019449664601362748,4.262923663519862e-05,0.00014283296357313056
1.4330125702369627,0.0,0.015616762444120998,0.0784370732439636,0.05047970727680804,0.16913664883085386
1.4330125702369627,0.0017782794100389228,0.005391520127035818,0.027079560114380764,0.01675260157681081,0.056131048207228786
1.4330125702369627,0.003924189758484536,0.0031061886131551375,0.01560120695092121,0.009233464431831373,0.030937525424127543
1.4330125702369627,0.008659643233600654,0.001715787093893373,0.008617747612348715,0.004603055076652894,0.01542293625631352
1.4330125702369627,0.019109529749704406,0.0009842167556961944,0.004943347364124233,0.002144508312812448,0.007185361567837949
1.4330125702369627,0.042169650342858224,0.0006272067702830812,0.0031502216766802916,0.0009575960844874655,0.0032085089667686535
1.4330125702369627,0.0930572040929699,0.0004578789646225908,0.002299752322951135,0.00041889833443870927,0.0014035552911750688
1.4330125702369627,0.2053525026457146,0.0003758307177843866,0.0018876551401812392,0.00018183978910603975,0.0006092700306956643
1.4330125702369627,0.4531583637600818,0.0003302783191477158,0.0016588627521099825,7.802637099909958e-05,0.00026143414612847104
1.4330125702369627,1.0,0.0002948661179752732,0.0014810007927521039,3.247318939240217e-05,0.00010880424437634218
3.1622776601683795,0.0,0.011148504810399642,0.05599471025707942,0.036043321771011376,0.1207662838456232
3.1622776601683795,0.0017782794100389228,0.0040976774908983785,0.02058107942621249,0.012815924911549816,0.04294087076043224
3.1622776601683795,0.003924189758484536,0.002389052439342847,0.01199930402188542,0.007151414899356123,0.023961437431466243
3.1622776601683795,0.008659643233600654,0.0013190834089012692,0.00662525551635383,0.0035623329062142717,0.01193590614362726
3.1622776601683795,0.019109529749704406,0.0007461437620061972,0.003747597038058951,0.001636137618073017,0.005482021349970239
3.1622776601683795,0.042169650342858224,0.0004638453845094427,0.002329719402787459,0.0007124491085853062,0.002387122694778278
3.1622776601683795,0.0930572040929699,0.0003293290317176562,0.001654094782718998,0.0003027637211691581,0.0010144361728199442
3.1622776601683795,0.2053525026457146,0.00026431809002778453,0.0013275695081051491,0.00012829282975335108,0.00042985628559610563
3.1622776601683795,0.4531583637600818,0.0002290329945309975,0.0011503458771800227,5.420039153988384e-05,0.00018160312857218173
3.1622776601683795,1.0,0.0002029624470162879,0.0010194034690917883,2.236978434738902e-05,7.495190733587806e-05
