RAFi_0_uM,MEKi_0_uM,pMEK,pMEK_obs,pERK,pERK_obs,gdpRAS,gtpRAS,bound_CRAF,unbound_CRAF,uS1134SOS1,pS1134SOS1,pS1134SOS1_obs,gtpRAS_obs,bound_CRAF_obs
0.0,0.0,0.07971194024753883,0.40036283842397946,0.15821822911829736,0.530123936741326,0.13627853170923124,0.390486971698569,0.00304866265516643,0.01576605551984679,0.0023883279092488255,0.006215274391921367,0.7224037297814214,0.7412918446109209,0.16203605213790492
0.0,0.0001,0.07983462571127618,0.4009790427670682,0.15790097428578811,0.5290609382369856,0.13603909239505238,0.39072658790078074,0.0030564916682144366,0.015758229801333217,0.0023917488022497397,0.006211853498888725,0.7220061180729782,0.741746477639445,0.16245213479038143
0.0,0.00042169650342858224,0.08022095062152267,0.4029194002713575,0.1569048970463967,0.5257235002297829,0.13528619511860113,0.39147925404238526,0.003081247353520862,0.015733472782072135,0.002402553268407627,0.006201049032572523,0.7207503108164449,0.7431756480344697,0.1637679078569909
0.0,0.0017782794100389228,0.08172769458199484,0.4104872043334405,0.1530632179343929,0.5128516204737545,0.1323725390436204,0.39439294273195946,0.003179319751818427,0.015635399720157605,0.0024451544975539084,0.006158447803761656,0.7157987536011488,0.7487068845182696,0.16898044940579274
0.0,0.007498942093324558,0.08666970767795264,0.4353090616693166,0.14090695677618345,0.47212101267987966,0.12306161095304025,0.4037038699654077,0.0035189385345145772,0.015295780699065424,0.002590503559512878,0.006013098741092444,0.6989047762783481,0.7663825451537282,0.18703114783844738
0.0,0.03162277660168379,0.09869334134472862,0.4956992086924278,0.1136113047152357,0.3806645543744267,0.10192809821721022,0.424837413307142,0.004479539380626588,0.014335181493161663,0.002989530659267641,0.005614071641599212,0.6525257032200997,0.8065019520312721,0.2380869432332245
0.0,0.1333521432163324,0.12397489983969762,0.6226789544419093,0.06235790497279957,0.20893558204850016,0.0640067801634323,0.4627586977945209,0.007424881953712413,0.011389837588889406,0.004206061099176504,0.004397541202589926,0.5111279029816446,0.8784909360204108,0.3946315509460769
0.0,0.5623413251903491,0.14533699068981765,0.7299725987237589,0.02056136828053201,0.068892654344845,0.037872368199079756,0.4888931109683488,0.011739770956946866,0.007074947805257507,0.00629505459758114,0.0023085477033517043,0.268323386251989,0.9281039291736843,0.623967389857037
0.0,2.371373705661655,0.15264900007417145,0.7666981320638492,0.005511823425164166,0.018467845531910998,0.029866408585384183,0.49689907450565957,0.013947771207155216,0.004866948652768208,0.007665973995390684,0.0009376283054151147,0.10898089807420525,0.9433022672439944,0.7413222897283139
0.0,10.0,0.154588643746146,0.776440220266727,0.0013640463172685379,0.004570356228372264,0.027794100035484368,0.49897138470845503,0.014632774461911318,0.004181945497405732,0.008155475165915638,0.00044812713492816677,0.05208598901464988,0.9472362923531424,0.7777301226673412
0.0001,0.0,0.09471797532460577,0.47573249228264436,0.17135445656911252,0.574137957188832,0.14607697593437297,0.38067726627517756,0.007391912021781209,0.011422771448771603,0.0022547935163734246,0.006348808749077661,0.7379244824661584,0.7226847660084698,0.39287995641013146
0.0001,0.0001,0.09480052324329498,0.4761470325368949,0.17098821012245607,0.5729108830807956,0.14581318006805266,0.38095331754026907,0.00740426409971921,0.011410464947718336,0.0022583139000140174,0.006345288481720981,0.7375153104694494,0.7231920011426506,0.39353551576803897
0.0001,0.00042169650342858224,0.09505973040205483,0.4774492745007905,0.16983472856700998,0.5690465250240376,0.1449534881124339,0.3817978778704511,0.007443181638738006,0.011371426308525657,0.002269473310050406,0.00633412902117911,0.7362182464184066,0.7248161134960527,0.3956065233780495
0.0001,0.0017782794100389228,0.09607368317460534,0.48254138270746544,0.1653514306080646,0.5540240940076283,0.14163589595656004,0.38513895397724046,0.00759723940884798,0.011217597865696627,0.002313915109498392,0.006289687151766969,0.7310527568300121,0.7311263133113537,0.40378980152683097
0.0001,0.007498942093324558,0.09937022773972586,0.4990988260714817,0.15092542104088927,0.5056886351071687,0.13073250978855033,0.39600700623568846,0.00811930056677984,0.010695473315450895,0.002469521800614616,0.006134080526327097,0.7129665334622171,0.751808045890877,0.4315385673833675
0.0001,0.03162277660168379,0.1068864889720062,0.5368502950837691,0.11878320244052126,0.39799344976257467,0.10592802022028006,0.42083093297737795,0.009444870010302711,0.009369832885428009,0.0029047525433051917,0.005698849775829775,0.6623794969178394,0.798906084885219,0.501994108684325
0.0001,0.1333521432163324,0.12078255487553827,0.6066449378846169,0.06074926198098067,0.20354564752574564,0.06290391889979728,0.46386521271885345,0.01252795747894615,0.006287243157200263,0.004260475652588599,0.004343126652342527,0.5048032787212025,0.8805854118548924,0.6658423538082474
0.0001,0.5623413251903491,0.1308296512560268,0.6571075408317059,0.018542151706153687,0.06212707672045056,0.036752617412348594,0.49000202828225425,0.015469192298926815,0.003345572553330479,0.006449811935927287,0.0021537904065862517,0.25033588499826254,0.9302282045108772,0.8221836637554868
0.0001,2.371373705661655,0.13401912088096338,0.6731272707694991,0.004850834171801689,0.01625314440997413,0.029532115438027064,0.49723081893906906,0.016574360415074332,0.0022403450014834674,0.007740006906535985,0.000863595399315298,0.10037602490389048,0.9439366107394266,0.8809258528431774
0.0001,10.0,0.13486204879061942,0.6773609814295718,0.001191131268516887,0.003990989674130668,0.02770891124208771,0.4990559113151662,0.0168834598154802,0.0019312712442136762,0.008177242766512983,0.0004263595287703199,0.04955593182219269,0.947397946758155,0.8973532367756791
0.00042169650342858224,0.0,0.10693269901306646,0.5370825178718867,0.18107613602610734,0.6067114268891167,0.15317852455269582,0.3735913877251156,0.010988073770767218,0.007826568071853343,0.002165201739137465,0.006438400529901094,0.748337769293533,0.7092117051819931,0.5840171640087288
0.00042169650342858224,0.0001,0.10698386798424071,0.5373395167839664,0.1806812787566558,0.6053882631017429,0.15289143787274648,0.37387484279300626,0.010999456187723928,0.007815267896030431,0.0021687016396357258,0.0064349004907406785,0.7479309704502983,0.7097546986501975,0.5846195851057663
0.00042169650342858224,0.00042169650342858224,0.10714494730944651,0.5381481282981443,0.1794355732107652,0.6012142964065925,0.15198916706767535,0.37477522191568907,0.01103533380473042,0.007779485552326181,0.002179817933177817,0.006423784487397383,0.7466389279024723,0.7114665109366839,0.5865235055042716
0.00042169650342858224,0.0017782794100389228,0.10777429077397452,0.5413093586444785,0.1745589911575962,0.5848749965669268,0.14843819767816802,0.37832883895804204,0.011176725827430994,0.0076380056326674165,0.0022244534474035386,0.006379148874572073,0.7414509220490392,0.718209023430824,0.5940412092053593
0.00042169650342858224,0.007498942093324558,0.10983262048657488,0.5516473292480919,0.158652951082953,0.5315802382154989,0.13661889163922694,0.3901722137476933,0.011652481307973746,0.007162232723687646,0.0023836563129963997,0.006219946204639539,0.7229467181787739,0.7406583174199896,0.6193281114113658
0.00042169650342858224,0.03162277660168379,0.11442802263806792,0.574728588385529,0.12326464909212279,0.41300885252569147,0.10940215038311896,0.4173568449567585,0.01279405137196112,0.006020609715854735,0.002835087380933113,0.005768514880575104,0.6704767032738076,0.792310807502148,0.6800043493872144
0.00042169650342858224,0.1333521432163324,0.12243090313285088,0.6149226947293489,0.06159392145923659,0.20637546867106327,0.06348289112132578,0.46328811922231783,0.015086526365253759,0.00372859112137399,0.0042317294645987606,0.004371872721157934,0.508144452377818,0.8794867411554939,0.8018300377861606
0.00042169650342858224,0.5623413251903491,0.12800310435835552,0.6429111286799128,0.018148855770946697,0.060809324719142896,0.03653728388336989,0.49022705957943397,0.01696012716413224,0.0018545952405871152,0.006480844635922885,0.00212275768022942,0.24672894006783402,0.9306382743312059,0.9014285089785906
0.00042169650342858224,2.371373705661655,0.1297088657908328,0.6514785087955389,0.004697568491436915,0.015739612858313237,0.029455040854045888,0.49731038027479524,0.017587943740840408,0.0012267816886352317,0.007757377832819443,0.0008462244753290097,0.09835699571184878,0.9440831921143898,0.9347967264665304
0.00042169650342858224,10.0,0.130156586462288,0.6537272619337116,0.0011498393867642484,0.003852637285245154,0.027688636919836834,0.4990768102441847,0.017757439948542012,0.0010572759402803335,0.00818245804220376,0.0004211442556633625,0.04894975861073522,0.9474364974602948,0.9438059045627977
0.0017782794100389228,0.0,0.1143175331241723,0.5741735560320015,0.18659997077374152,0.6252193977729757,0.15713705930187882,0.3696280241134292,0.013988272831695963,0.004826462779888982,0.0021173978576328636,0.006486204443528141,0.753894033741293,0.7016942385720171,0.7434743235553547
0.0017782794100389228,0.0001,0.11434601796668648,0.5743166623528025,0.18618841054228252,0.6238404590356791,0.1568437326082618,0.36992132637375813,0.013996451900759701,0.004818268625448141,0.002120886649764996,0.006482715650229836,0.7534885300583605,0.7022510701234327,0.743909636141734
0.0017782794100389228,0.00042169650342858224,0.11443609571950253,0.5747690704572476,0.18488911296212185,0.6194870436880917,0.1559160351469375,0.3708494501098606,0.014022348052309197,0.004792378021239895,0.002131976616432018,0.006471625684469576,0.7521995389990769,0.704012431507489,0.7452857935584135
0.0017782794100389228,0.0017782794100389228,0.11478995063896641,0.576546338255673,0.17978415660717703,0.602382442326351,0.15224225939624358,0.37452331957525575,0.01412458837522002,0.004690150689658982,0.002176695805170317,0.006426906496003902,0.7470018105238033,0.7109866979283391,0.7507193337369228
0.0017782794100389228,0.007498942093324558,0.11595336955655239,0.5823897944216903,0.16299028678682248,0.5461131394500379,0.13986678506123168,0.3868989999741363,0.014466548374467512,0.004348167421153071,0.00233802756295582,0.006265574738627055,0.72825015836382,0.7344801256371635,0.7688953971781392
0.0017782794100389228,0.03162277660168379,0.11853789214459343,0.5953708302278129,0.1256232775664556,0.42091170395508726,0.11123397393528096,0.41553139814602724,0.01525950184689732,0.0035552304098938788,0.002799747394484025,0.005803854906389745,0.6745842849802942,0.7888358274277154,0.8110400742688969
0.0017782794100389228,0.1333521432163324,0.12292501602231809,0.6174058111633782,0.061847592423528996,0.20722573667595007,0.06365621955951128,0.46311068727978333,0.016720126690277157,0.0020945827523696833,0.004223171988804055,0.00438043033568,0.5091390990044031,0.879156760356375,0.8886731278654805
0.0017782794100389228,0.5623413251903491,0.12592493773182953,0.6324732200289123,0.017859614315179836,0.059840192241680884,0.03637864870909779,0.4903866697270114,0.01781130000613033,0.0010034144031890865,0.006503858240904518,0.0020997440560424924,0.24405405823878992,0.9309395523283511,0.9466686349120419
0.0017782794100389228,2.371373705661655,0.12682419593244465,0.6369899184817238,0.004594918169705025,0.01539567447685613,0.029403342009944905,0.4973621103576929,0.01815441914366742,0.0006603000582772889,0.007769055737670557,0.0008345465622120194,0.096999667479215,0.9441813393839985,0.9649051335185999
0.0017782794100389228,10.0,0.1270591275232888,0.638169881941932,0.0011226484354278055,0.0037615315989538507,0.027675264367153278,0.49909023293099913,0.018245337835746646,0.000569382018974741,0.00818589596818358,0.00041770633299687405,0.04855016751989603,0.9474618886219719,0.9697374171196148
0.007498942093324558,0.0,0.11054720848399817,0.5552366971544815,0.18381067388320654,0.6158736518868249,0.15514351542036695,0.37162178443592697,0.015717902586820435,0.0030968144758931225,0.0021412699424818915,0.006462332356925189,0.7511193720995847,0.7054788622889708,0.8354046746719198
0.007498942093324558,0.0001,0.11056511629451496,0.5553266426128413,0.1833907816212398,0.6144667681669674,0.15484229104971609,0.37192311664265876,0.01572370231786661,0.0030910138025476946,0.0021449102675509574,0.006458692032972299,0.7506962557508605,0.706050760379197,0.8357129715502916
0.007498942093324558,0.00042169650342858224,0.11062164687254124,0.5556105611392765,0.18206585120156715,0.6100274669044407,0.1538896925476679,0.3728757902245676,0.01574202598102394,0.003072696195767848,0.002156478554833485,0.006447123746651118,0.7493516693046852,0.7078591943082835,0.8366866028158491
0.007498942093324558,0.0017782794100389228,0.11084306696842063,0.5567227614799864,0.1768712205094229,0.5926224752734921,0.15012709459128593,0.3766395445413214,0.015814018667158283,0.003000656890238524,0.0022030638237634345,0.006400538475196298,0.7439370455291956,0.7150026530941856,0.8405150872208983
0.007498942093324558,0.007498942093324558,0.11156680025066051,0.5603577112491044,0.1598993527877537,0.5357566839177559,0.13754582898588022,0.38921979579795524,0.016051821292492646,0.002762898785523598,0.0023703627901496627,0.006233239518503797,0.7244918227141248,0.7388860956097419,0.8531522778937398
0.007498942093324558,0.03162277660168379,0.11315817552940266,0.5683505743800717,0.12253451580940589,0.4105625413959384,0.10883833515961604,0.41792701802261806,0.016588472269502677,0.0022262479187030375,0.0028462087328471673,0.005757393569605172,0.6691840658376441,0.793383648901519,0.881675204497668
0.007498942093324558,0.1333521432163324,0.11588760061815814,0.5820595095542265,0.05826416778956336,0.1952191587974289,0.06121223810569412,0.46555320658465216,0.01755531923018943,0.0012594022887667436,0.004347361367956553,0.004256240932637843,0.49470451840199453,0.88379602587319,0.9330629322630222
0.007498942093324558,0.5623413251903491,0.1176454274710263,0.5908883676376748,0.016706925699990154,0.055978008604571444,0.035748905095743064,0.4910165905362127,0.018211020811761357,0.000603700400134015,0.006597219288761735,0.0020063830119896216,0.2332026681212825,0.9321350669469088,0.9679134017807115
0.007498942093324558,2.371373705661655,0.11816949268158497,0.5935206229412399,0.004286565958380227,0.014362513469263951,0.02924825046404065,0.49751722427462775,0.018411783280961266,0.00040293635995126373,0.007804347522976054,0.0007992547778938034,0.09289768982150601,0.9444757641366869,0.9785839827729836
0.007498942093324558,10.0,0.11830613722453823,0.5942069301305734,0.0010457681560751939,0.003503937479651211,0.02763745722017842,0.49912802678330004,0.018464536026931825,0.00035018396569315826,0.008195632074793551,0.00040797022592898376,0.047418536058404535,0.9475336595516277,0.9813877662898822
0.03162277660168379,0.0,0.0865904267885898,0.4349108644625397,0.16442181365777342,0.5509095840281658,0.1409373387471789,0.38582810106880866,0.016509449000203055,0.0023052702527727453,0.0023233489357480453,0.006280253365232357,0.7299562608230632,0.7324476359033509,0.877475171339156
0.03162277660168379,0.0001,0.08660459752948865,0.4349820378028944,0.1640015589012314,0.5495014843885714,0.14062330549324045,0.3861421728394817,0.01651435135388627,0.0023003681829551256,0.002327639010854409,0.006275963290183044,0.7294576237474698,0.7330438092899924,0.8777357175879907
0.03162277660168379,0.00042169650342858224,0.08664886164042902,0.4352043547023087,0.16268066043392282,0.5450757160239548,0.13963492458366558,0.3871310228362503,0.016529775368491904,0.0022849463413854047,0.002341226846362563,0.006262375454434454,0.7278783043998119,0.7349203659279903,0.8785554005730598
0.03162277660168379,0.0017782794100389228,0.08682018569949912,0.436064855892763,0.15757560911349677,0.527970781288602,0.1357932265154831,0.39097225107811695,0.016589516099614544,0.0022252033303738826,0.002395267340500562,0.00620833496058159,0.7215971570188352,0.74221312464169,0.8817307194691848
0.03162277660168379,0.007498942093324558,0.08735992069594095,0.43877574038504047,0.14150658355344356,0.4741301138011624,0.12352355820761801,0.4032419256773284,0.016779028138887087,0.002035691157843548,0.0025829300081436422,0.006020672292946564,0.6997850530798773,0.7655055959691568,0.8918032671262185
0.03162277660168379,0.03162277660168379,0.08853353406947871,0.4446703536455293,0.10665440704511014,0.35735486483352447,0.0965669811307577,0.4301985101922086,0.017197768621082146,0.0016169512141252051,0.0031116929227197896,0.005491909378301261,0.6383267364240555,0.8166793711405967,0.9140592457242193
0.03162277660168379,0.1333521432163324,0.09060351027902505,0.45506710554803403,0.04543208109724344,0.15222413706205135,0.052764451276299404,0.47400099286138087,0.01795947752993002,0.0008552430105021767,0.004859037238580758,0.003744565061626467,0.4352322354017079,0.8998331195344877,0.9545439429374311
0.03162277660168379,0.5623413251903491,0.09170082354133359,0.46057846679213926,0.013090236000602487,0.04385997521507144,0.03380216894933299,0.49296331485955475,0.01837566451075634,0.00043905495233672177,0.006908369014780386,0.0016952332862343218,0.1970376159802721,0.9358307064750708,0.9766642838763568
0.03162277660168379,2.371373705661655,0.09203163378533025,0.4622400530596167,0.0033516136281489606,0.01122987406718152,0.0287799417561388,0.4979855408358955,0.018502893226231783,0.00031182623282232475,0.007913342821539998,0.0006902594801981375,0.08022912449808245,0.9453647919098224,0.9834264744950918
0.03162277660168379,10.0,0.0921174474746032,0.46267105734297065,0.000815362117231051,0.0027319419324028154,0.027524271897248185,0.4992412123395456,0.01853617472421349,0.00027854523714544846,0.008224949869393428,0.00037865243157821153,0.04401091755896816,0.947748528100459,0.9851953556727119
0.1333521432163324,0.0,0.04520382956909956,0.22704168697032484,0.12012651521228503,0.40249433547185115,0.106971418209423,0.4197940716826149,0.017105830760437632,0.0017088884365231579,0.00288351373271824,0.0057200885685107115,0.6648480913272393,0.7969278165292368,0.9091727908009807
0.1333521432163324,0.0001,0.04521289933955844,0.227087240988278,0.11973368736563014,0.40117813129600155,0.10666693978882673,0.42009851229260275,0.017110385386151495,0.0017043340268941415,0.0028896924425120384,0.005713909858556654,0.6641299375084903,0.7975058171196534,0.9094148581502418
0.1333521432163324,0.00042169650342858224,0.04524124899768513,0.2272296305732582,0.11850574374365434,0.39706379916015244,0.10571546923933813,0.42105001893674354,0.017124630341467693,0.001690089000580148,0.002909178416351155,0.005694423884652639,0.6618650752822759,0.799312081728478,0.9101719791906182
0.1333521432163324,0.0017782794100389228,0.04534936242735383,0.22777264352409532,0.11382795931746885,0.38139047532338466,0.10209552304246496,0.42466997076010143,0.01717900763372919,0.0016357116432227886,0.0029858800506591845,0.005617722250306856,0.6529500148648293,0.8061841099243847,0.9130621286905656
0.1333521432163324,0.007498942093324558,0.04569789301932981,0.2295231803039636,0.09880287249793727,0.33104761522971543,0.09056532156069624,0.4362001415380418,0.0173548698551818,0.0014598495781848356,0.0032621370341431727,0.005341465266727548,0.6208405595627042,0.8280727801934142,0.9224091763177776
0.1333521432163324,0.03162277660168379,0.04658168412907179,0.23396212710524822,0.061064130188070075,0.20460067724196082,0.06311866341970869,0.46364681668761354,0.017804762662391855,0.0010099572076051329,0.004249714268351598,0.004353888033254429,0.5060540783529351,0.8801769178062921,0.9463209011569889
0.1333521432163324,0.1333521432163324,0.047464588660552094,0.23839664648938597,0.023858899985393124,0.0799413185733439,0.039728886308157955,0.4870365931023799,0.018259948911266276,0.0005547713827787666,0.006057689319952564,0.002545912981245085,0.2959124436621955,0.9245795560623776,0.9705139712890468
0.1333521432163324,0.5623413251903491,0.047870058304581936,0.24043315219762282,0.006931570092643356,0.023224828979277766,0.030588994943212874,0.49617647924115776,0.018470943017664363,0.00034377635888122575,0.007511649373902309,0.0010919529270958048,0.12691810812421284,0.9419305242231838,0.9817283291873181
0.1333521432163324,2.371373705661655,0.04799435698831741,0.2410574840978257,0.0017613697743192852,0.005901623189294954,0.027990119305845267,0.49877536437604986,0.018535879930854676,0.00027883952618070086,0.008105894071379374,0.0004977082297264863,0.05784881870498752,0.9468641735783417,0.9851797138502408
0.1333521432163324,10.0,0.048026497791058886,0.24121891240761748,0.0004260952876421329,0.0014276694468569548,0.0273334488236096,0.49943203513763357,0.018552688823089167,0.0002620311719936071,0.008274961190631466,0.0003286411101663265,0.038198082463185484,0.9481107823958699,0.9860730761838552
0.5623413251903491,0.0,0.015523428789493095,0.07796829369730846,0.05017726772934725,0.16812329885149482,0.055831247351453415,0.4709342159566288,0.017940172232772014,0.0008745471719618912,0.004656374879123442,0.003947227421906718,0.45878775933588806,0.8940111847864259,0.9535179264091579
0.5623413251903491,0.0001,0.015526759724051953,0.07798502371368808,0.049826436155353114,0.16694780714758012,0.055602163145521966,0.4711633174225412,0.017944425828618896,0.000870293582086261,0.004670778031335771,0.003932824269722823,0.45711367542394715,0.8944460766761736,0.9537440041975283
0.5623413251903491,0.00042169650342858224,0.015536979821199882,0.07803635538850785,0.04875043554289891,0.1633425735210826,0.05490187144804847,0.47186361381151903,0.01795747799991689,0.0008572414112636016,0.004715513547958871,0.003888088753082924,0.45191404914335964,0.8957754959571903,0.9544377254568995
0.5623413251903491,0.0017782794100389228,0.015573369087727183,0.0782191249259872,0.04492458366892,0.1505237242484893,0.052440575447690665,0.4743249581203494,0.018003964844084043,0.0008107544368447083,0.0048817611494033665,0.0037218411515789994,0.43259102656965404,0.9004479752263134,0.9569085020754723
0.5623413251903491,0.007498942093324558,0.015665680080541453,0.07868276800013119,0.03525635682879888,0.11812948947889268,0.04642619633664915,0.4803392107496976,0.01812198788362022,0.0006927314369269708,0.005359232925147664,0.003244369375898121,0.3770942986873953,0.9118655179096876,0.9631814099841263
0.5623413251903491,0.03162277660168379,0.015805435605602658,0.07938470669341467,0.020718761822994352,0.06942001300743944,0.0379601506258509,0.48880536760102516,0.018300936191670603,0.0005137837924822266,0.0062833030213690225,0.0023202992798434774,0.26968927649253144,0.9279372902888059,0.9726924560708332
0.5623413251903491,0.1333521432163324,0.01592687337157616,0.07999465091385717,0.00818210805827879,0.02741486436012009,0.03123108257946243,0.49553440152764666,0.018456694234461005,0.00035802607285095764,0.007380774629617574,0.0012228276713723179,0.14212972991924847,0.9407116002818574,0.9809709595995524
0.5623413251903491,0.5623413251903491,0.01598359768245833,0.08027955073601799,0.0023562184888426927,0.007894715153381655,0.02828457222336471,0.49848091112192566,0.018529532021334075,0.0002851873686560286,0.008032780989930958,0.0005708213112810837,0.06634678025513437,0.9463051906063756,0.98484232675786
0.5623413251903491,2.371373705661655,0.01600081811604398,0.0803660513683889,0.0005911189792906454,0.001980595742732938,0.027414283776383552,0.49935120050092746,0.01855165783345041,0.00026306163294663725,0.00825368558654433,0.00034991671422750047,0.04067095409513634,0.9479573271320257,0.9860183069210007
0.5623413251903491,10.0,0.01600520110804069,0.08038806453407626,0.00014225218299048045,0.0004766283535776831,0.027194623491284754,0.49957086060672096,0.01855728921985108,0.00025743077131271667,0.008311813253866956,0.0002917890472148145,0.03391475303061445,0.9483743253644431,0.986317586898258
2.371373705661655,0.0,0.004241382928728085,0.021302857380075205,0.01391724995128778,0.04663095617563967,0.03424341370228384,0.4925220600926005,0.01838538375041194,0.00042933579945861377,0.006834658917965508,0.0017689433823135647,0.20560496877641427,0.9349930559123606,0.9771808557485743
2.371373705661655,0.0001,0.0042416605416275375,0.02130425173840266,0.013816689616160827,0.04629402002193925,0.03418963985223603,0.49257586575599194,0.01838663324255236,0.0004280862406258228,0.006843537548165114,0.001760064752700005,0.20457300223221908,0.9350951429274781,0.9772472695642068
2.371373705661655,0.00042169650342858224,0.0042425092036816525,0.021308514250263078,0.013509331360562846,0.04526418946381047,0.034025485707965576,0.4927400171378967,0.018390452947747722,0.00042426648649138035,0.006870818260781588,0.0017327840404724165,0.20140215456261348,0.9354067691901979,0.9774502889626249
2.371373705661655,0.0017782794100389228,0.004245496309250722,0.021323517355758312,0.01242798678562952,0.0416410504477686,0.03345050159928502,0.49331498610080676,0.018403897886925584,0.0004108214703726762,0.0069685502440722845,0.0016350520569811393,0.19004272858834304,0.936498304501051,0.9781648898093548
2.371373705661655,0.007498942093324558,0.004252910051816586,0.021360753774751103,0.009747430511809704,0.032659613569802924,0.03204222547071971,0.49472325458972066,0.018437269847117764,0.00037744948637838464,0.007223245863453215,0.0013803564369197225,0.16043935885552135,0.9391717440044778,0.9799386065936999
2.371373705661655,0.03162277660168379,0.004264027973995822,0.021416594794373866,0.005736241315152707,0.01921977529316094,0.02998017126840324,0.4967852459808051,0.018487323095026296,0.0003273969782943352,0.0076411594805532845,0.000962442820700579,0.1118650987110731,0.9430862955564571,0.9825988918772919
2.371373705661655,0.1333521432163324,0.004273729858665122,0.0214653259432398,0.002244127230981863,0.0075191433808695545,0.02822899625869501,0.4985364880375307,0.018531010783100335,0.000283709498559913,0.00804645714592383,0.0005571451541406562,0.06475719526650833,0.9464106948912774,0.9849208760846438
2.371373705661655,0.5623413251903491,0.004278203476429406,0.02148779391062226,0.0006366065681843278,0.002133005721965879,0.027436580761659352,0.49932889603792324,0.01855115566853129,0.00026356375562077225,0.008247840340868414,0.0003557619601760772,0.04135034927554556,0.947914998286612,0.9859916191318571
2.371373705661655,2.371373705661655,0.004279534335252614,0.021494480701578358,0.00015852379900138202,0.0005311478272014581,0.027202574568065616,0.49956290954158433,0.018557151422706166,0.00025756805969243373,0.008309691802365623,0.0002939104986609999,0.0341613301472488,0.9483592312164434,0.9863102896679702
2.371373705661655,10.0,0.004279870002229824,0.021496166377495098,3.806435567678283e-05,0.00012753794559859633,0.02714373328938379,0.4996217508547317,0.018558662942529353,0.0002560570567747592,0.008325422709671739,0.0002781795912599963,0.03233292073831337,0.9484709342080662,0.9863905996589784
10.0,0.0,0.0011282560016563582,0.005666801870676656,0.0038041340462048484,0.012746081927552815,0.029006214956736345,0.4977589299106509,0.01851148545448564,0.0003032340024607559,0.007860211076966422,0.0007433912260420562,0.08640464771158818,0.9449352045415997,0.9838831504687254
10.0,0.0001,0.0011282770100664579,0.005666907391345528,0.0037760196007337425,0.012651882025506562,0.02899219982594221,0.4977738282144251,0.01851183704393901,0.000302882237800793,0.007863491278630518,0.0007401110213840835,0.08602338829432267,0.9449619028512587,0.9839018465667598
10.0,0.00042169650342858224,0.0011283411903925996,0.005667229745135676,0.0036901747887402533,0.012364251525605552,0.0289491854697688,0.49781629088615015,0.01851291114354238,0.0003018081186863384,0.007873524032718906,0.0007300782630906647,0.08485727698574039,0.9450435027176908,0.9839589358480503
10.0,0.0017782794100389228,0.0011285663125201574,0.005668360445643754,0.0033891133619650005,0.011355519033066985,0.028798667936933177,0.4979668041822746,0.018516678724132558,0.00029804063861190995,0.00790891258657013,0.0006946897140427421,0.08074405228996422,0.9453292414533678,0.9841591770323153
10.0,0.007498942093324558,0.0011291207200927764,0.00567114502559589,0.0026479236148372236,0.008872098336126922,0.028429399792634355,0.49833608826532194,0.018525957242658857,0.00028876208462151024,0.00799740725509788,0.0006061950461593552,0.0704582830462506,0.9460302536192248,0.9846523309968898
10.0,0.03162277660168379,0.001129944577010929,0.005675282922847999,0.0015472451401353647,0.0051841793747199015,0.027884413813672102,0.49888104400284755,0.018539745498692653,0.00027497460217618407,0.008132539053473572,0.0004710632479184073,0.0547518622335895,0.9470648399588406,0.9853851345806898
10.0,0.1333521432163324,0.001130654629580717,0.0056788498466469155,0.0005990639829808002,0.0020072159546026154,0.02741817750812385,0.49934730212976075,0.01855163125839062,0.00026308901855380946,0.00825266404159044,0.00035093825955668725,0.04078968869933659,0.9479499348989738,0.9860168519817859
10.0,0.5623413251903491,0.0011309770625475269,0.005680468956071632,0.00016877886329827126,0.0005655082733603549,0.027207586102785796,0.4995578976839095,0.018557026642661352,0.0002576927835048416,0.008308355329920443,0.0002952469710719524,0.03431666884903509,0.9483497173975745,0.9863036605719211
10.0,2.371373705661655,0.0011310720153434686,0.005680946500469844,4.192884196584571e-05,0.0001404862452695842,0.027145620237450693,0.4996198638654054,0.01855861783492035,0.0002561016482009381,0.008324917118387148,0.00027868518266052265,0.032391685820552955,0.9484673520633512,0.9863882292568494
10.0,10.0,0.0011310959403690742,0.00568106660023976,1.006157025099802e-05,3.3712169202732376e-05,0.027130061535515313,0.4996354220730951,0.01855901809649015,0.00025570190465397196,0.008329088154630217,0.0002745141463276468,0.031906884665866574,0.9484968883123088,0.9864094759508292
