RAFi_0_uM,MEKi_0_uM,pMEK,pMEK_obs,pERK,pERK_obs
0.0001,0.0001,0.10389459122518235,0.521823109306762,0.17829494720852937,0.5973936760780554
0.0001,0.0017782794100389228,0.10391985387470168,0.5219500212472815,0.17160064791761834,0.5749628351387163
0.0001,0.03162277660168379,0.10416169715016338,0.5231646797235227,0.11713157697714802,0.3924595003008362
0.0001,0.5623413251903491,0.10483108382327963,0.5265268176657378,0.014921840655790459,0.04999690943901538
0.0001,10.0,0.10486605128697114,0.5267025372234772,0.0009275958839700918,0.0031079908905508593
0.0017782794100389228,0.0001,0.09348618289191027,0.46954563086133494,0.16989508864157943,0.5692482996843524
0.0017782794100389228,0.0017782794100389228,0.09348231782747518,0.4695262189126291,0.16322557344882715,0.5469014526572241
0.0017782794100389228,0.03162277660168379,0.0934275923415056,0.4692513512926119,0.11013638770414119,0.3690215459072299
0.0017782794100389228,0.5623413251903491,0.09309190992687866,0.4675653902457226,0.013284440297806194,0.044510675320506086
0.0017782794100389228,10.0,0.09300642092502794,0.467136144936236,0.0008231927888468552,0.0027581797255703034
0.03162277660168379,0.0001,0.060002495087594275,0.3013697697377667,0.1378532453165203,0.4618892860180218
0.03162277660168379,0.0017782794100389228,0.059990333443784155,0.30130868668446364,0.13159205118752,0.44091061138504783
0.03162277660168379,0.03162277660168379,0.05986510920697601,0.3006797313332819,0.07832283513645508,0.26242746869090056
0.03162277660168379,0.5623413251903491,0.059620278230045426,0.2994500669615532,0.008592448694364482,0.028789748303988328
0.03162277660168379,10.0,0.05958468583495673,0.2992713856259193,0.0005283099747984096,0.001770148958405101
0.5623413251903491,0.0001,0.008242587576879994,0.04139939042867369,0.02652519062279573,0.08887495774062959
0.5623413251903491,0.0017782794100389228,0.008240608142898051,0.04138944848112494,0.023834602514495876,0.07985990837824598
0.5623413251903491,0.03162277660168379,0.008230672250438258,0.041339544092302505,0.010923950429510576,0.03660164575934305
0.5623413251903491,0.5623413251903491,0.008222717582484664,0.041299594741097456,0.0012194260253545757,0.004085793185888133
0.5623413251903491,10.0,0.008221748009140297,0.04129473679343848,7.310617325087257e-05,0.00024494865241074634
10.0,0.0001,0.0005582124603486414,0.002803689420545435,0.001884871192115438,0.006315424838920171
10.0,0.0017782794100389228,0.0005582017093801111,0.002803635420461609,0.0016899325687005384,0.005662266025056655
10.0,0.03162277660168379,0.0005581459744725488,0.002803355475762848,0.000767590353416213,0.002571878221025194
10.0,0.5623413251903491,0.0005581051605832952,0.0028031507488533876,8.333310217301115e-05,0.000279214822177097
10.0,10.0,0.0005581001430763324,0.0028031263537976027,4.96469868699663e-06,1.663465887079647e-05
