RAFi_0_uM,MEKi_0_uM,pMEK,pMEK_obs,pERK,pERK_obs,gdpRAS,gtpRAS,bound_CRAF,unbound_CRAF,uS1134SOS1,pS1134SOS1,pS1134SOS1_obs,gtpRAS_obs,bound_CRAF_obs
0.0,0.0,0.1530278418657834,0.7686007950287728,0.2121215218572256,0.7107316049589649,0.17471396376425125,0.3520515242774542,0.012956910958202136,0.005857810536831958,0.0019214009385098828,0.006682201362722992,0.7766748309327883,0.6683268594270192,0.6886581319644804
0.0,0.0001,0.15302974854495263,0.7686103721349601,0.21171032235104942,0.709353845058673,0.1744407163095261,0.35232476602120627,0.012958710643158584,0.005856008654826323,0.0019242707838116682,0.006679331517194485,0.7763412677051991,0.6688455827863028,0.6887538654135803
0.0,0.00042169650342858224,0.15303582154719952,0.768640873714754,0.21040513152276707,0.7049806898332032,0.17357118639459096,0.35319428927944,0.012964432183431124,0.0058502869574364805,0.0019334370387656106,0.006670165261794145,0.7752758703595795,0.6704962750785918,0.6890579703244666
0.0,0.0017782794100389228,0.15306022223016297,0.7687634317527148,0.20517868579888654,0.6874690290548752,0.17005568172533442,0.3567098043901526,0.012987398356721845,0.005827320461148815,0.001971033961760552,0.006632568339552383,0.7709059655791195,0.677170038266229,0.6902786314502934
0.0,0.007498942093324558,0.15314598571823396,0.76919418757604,0.18703312163496238,0.626670738315476,0.1574456598066606,0.36931982486843734,0.013067821585870797,0.0057468979932567945,0.002113738418460359,0.0064898638826352125,0.7543193717599898,0.7011086253994576,0.6945530881240342
0.0,0.03162277660168379,0.15335678354183874,0.7702529418050265,0.14400559986220512,0.4825032834192721,0.12544618704904023,0.4013192943098995,0.013263540643283618,0.005551179508421245,0.0025518374508949203,0.006051764850238596,0.7033989529526813,0.761855718553508,0.7049555101717397
0.0,0.1333521432163324,0.15373513945645106,0.77215336155623,0.07733390790701379,0.25911398145505143,0.07459370412270125,0.4521717836456965,0.013607802242469477,0.005206918064051361,0.003759093230591616,0.004844509070380787,0.563079149978056,0.8583929550155017,0.7232529647412969
0.0,0.5623413251903491,0.15437177555261866,0.7753508978298225,0.02182014357742472,0.0731102905694614,0.038576731057486185,0.48818875745441886,0.014165919798529217,0.0046487993749247045,0.006202281743714012,0.0024013205571388947,0.27910641068344627,0.9267667835141119,0.7529168874609735
0.0,2.371373705661655,0.15489430100152823,0.7779754277535735,0.005591335865479384,0.01873425889118501,0.02990669801006301,0.49685878899067826,0.014603868058830759,0.004210851548687463,0.007657163669701629,0.0009464386335097471,0.11000492586186601,0.9432257831082593,0.7761937654917351
0.0,10.0,0.15512650985369067,0.779141717997024,0.0013687567482762698,0.004586138938396323,0.027796420824672513,0.498969063689625,0.014792732807094056,0.0040219870680178104,0.00815488380956297,0.00044871849147959066,0.05215472261255221,0.9472318865950331,0.7862318921187829
0.0001,0.0,0.13390835273915938,0.6725708624680571,0.20016454028765127,0.6706687167077827,0.16663329631263868,0.3601326467440236,0.016019837106298607,0.002794875583950809,0.0020085041152548976,0.006595098183919365,0.7665507951887007,0.6836672937781118,0.8514526567605133
0.0001,0.0001,0.13390950200563376,0.672576617102911,0.19974086413642872,0.6692491372417383,0.16633940533623204,0.3604222517585875,0.016020853236690457,0.002793865308087553,0.0020117355810724755,0.006591866724612444,0.7661752008524151,0.6842226401716058,0.8515063990227489
0.0001,0.00042169650342858224,0.13391308614576683,0.6725944135289826,0.1983992586344183,0.6647538076175927,0.16540851566613682,0.361342940037772,0.016024100309009144,0.0027906410725512497,0.0020220372213420783,0.006581565064876601,0.7649778367160238,0.6859837521567036,0.8516779467781446
0.0001,0.0017782794100389228,0.13392699347531836,0.6726645934416203,0.1930734797649413,0.6469095938639179,0.161708693407818,0.365052417173225,0.016036944331101973,0.002777767921209185,0.0020639940243719884,0.00653960824527508,0.7601011809142293,0.6930132271354571,0.8523619237988626
0.0001,0.007498942093324558,0.13397519128160593,0.6729065222025917,0.1750744282805033,0.5866021244334844,0.14881220661084446,0.3779486187952011,0.01608068168562506,0.0027340498376598704,0.0022196494175067845,0.00638395287931894,0.7420092955336025,0.7174956841254574,0.8546856842322605
0.0001,0.03162277660168379,0.1340895451314975,0.6734809064415542,0.134105480018728,0.44933205839737395,0.117808673291195,0.408958297157934,0.016182271283637095,0.00263236893929181,0.0026796252045756287,0.0059239771036216715,0.6885461335163587,0.7763552388435614,0.8600893289426915
0.0001,0.1333521432163324,0.13431597426539107,0.6746183396855625,0.06762655538726879,0.22658867453086382,0.06766874182839487,0.4590959801607403,0.016374009301673414,0.002440699181541407,0.004037182335710838,0.004566419963934811,0.5307567464064309,0.8715389641643616,0.870277066279352
0.0001,0.5623413251903491,0.1346788472021787,0.6764409238201682,0.0190779383142418,0.06392229983540297,0.037049125029242694,0.4897158553498756,0.016659096225629815,0.0021555834293933243,0.006408011176402636,0.00219559112706931,0.2551943999298165,0.9296666893031174,0.8854307663528135
0.0001,2.371373705661655,0.1349664975000131,0.6778856459159573,0.0048845038155125396,0.01636595671395886,0.02954918959271228,0.49721496549413147,0.0168684021361186,0.0019463141718726546,0.007736201255044001,0.0008674010538852004,0.1008183575599459,0.9439043273780847,0.8965536264266702
0.0001,10.0,0.13508853330909662,0.6784985827205401,0.0011931182944866772,0.003997647071967713,0.027709957239092933,0.49905585503335853,0.016953368763704544,0.001861346919850289,0.008176991974827349,0.000426610328100133,0.04958508228059001,0.9473960598931961,0.901069622780576
0.00042169650342858224,0.0,0.129350786192512,0.6496798693224395,0.19713769903713077,0.6605269785676054,0.16454328019770018,0.3622215620474785,0.017266558031263028,0.0015481627368521354,0.002031820948299047,0.006571781361278377,0.7638406710132046,0.6876342781412978,0.9177153487456605
0.00042169650342858224,0.0001,0.12935168661907062,0.6496848286777267,0.19671157158236427,0.6590997535520152,0.1642404804403447,0.36251164188287827,0.01726716829897347,0.0015475749122003727,0.0020351469590425054,0.006568454741180796,0.7634540707539166,0.6882015781617227,0.9177466896661504
0.00042169650342858224,0.00042169650342858224,0.12935471447205094,0.6496996943224811,0.19536371246326,0.654583079827383,0.16331036869224955,0.3634538718469931,0.017269024198161034,0.0015456813246739897,0.002045739932607377,0.0065578623291712886,0.7622228608015115,0.689974458924792,0.9178471689180556
0.00042169650342858224,0.0017782794100389228,0.12936675796273298,0.6497601254343219,0.19002527938191874,0.636696183113254,0.1595673194410358,0.3671990403374453,0.017276510244205172,0.001538202915955192,0.0020888008305527776,0.006514801476968753,0.7572178773620574,0.6970814166870116,0.9182446788924588
0.00042169650342858224,0.007498942093324558,0.129407441458094,0.6499645058416594,0.17210438448072646,0.576650676867324,0.14663580243385269,0.38013087305915,0.01730172189487351,0.0015129752030435906,0.002247619387618826,0.006355982979126584,0.7387583372859826,0.7216304499584844,0.9195854604956099
0.00042169650342858224,0.03162277660168379,0.12950237561586037,0.6504412992405318,0.13167110955818734,0.4411755421430896,0.11592310998401918,0.4108427425542705,0.01735979676285994,0.001454920969221265,0.002713032197417426,0.005890570114119708,0.6846632260327349,0.7799342735953158,0.9226711242794536
0.00042169650342858224,0.1333521432163324,0.12968905495741534,0.6513789832611839,0.06528628383728308,0.2187473758769023,0.06603336010215581,0.4607320031469144,0.01747119649425861,0.0013435334457247445,0.004110491821733009,0.0044931104977958625,0.5222359577914455,0.8746436939307011,0.9285914041811676
0.00042169650342858224,0.5623413251903491,0.12997094644393165,0.6527947586488979,0.018422776045298874,0.06172711447936162,0.036687969432618886,0.49007741748607775,0.017632707395083668,0.0011820172525050662,0.006459199693351302,0.002144402607854313,0.24924473874784053,0.9303523535454314,0.9371759473154692
0.00042169650342858224,2.371373705661655,0.1301823750288275,0.6538567867433118,0.004714412388158791,0.015796050832635675,0.029463533307330033,0.4973019603923506,0.017748962453738856,0.001065755228635814,0.007755464949559612,0.0008481373517504746,0.09857933015120042,0.9440670779317804,0.9433552367552026
0.00042169650342858224,10.0,0.13026890185495302,0.6542913623437414,0.0011508251979202757,0.003855940215815353,0.02768912540411015,0.4990763724898332,0.017795404500019905,0.0010193162169038568,0.008182333454581811,0.0004212688437398075,0.04896423952813209,0.947435575194632,0.9458234734259442
0.0017782794100389228,0.0,0.12648876106443108,0.6353050636427341,0.1951988999508774,0.6540308874594015,0.163196063726639,0.3635690663060933,0.017975741444942687,0.0008389772819246068,0.002047042776398462,0.006556559524647441,0.7620714318524915,0.6901919766091993,0.9554084600410979
0.0017782794100389228,0.0001,0.1264894718029048,0.6353086163866684,0.1947715160656612,0.6525988854106274,0.16289822618765037,0.3638671124208341,0.017976079802365943,0.0008386453776007998,0.002050428967773739,0.006553173333168089,0.7616778535254609,0.6907575076637228,0.9554261160033438
0.0017782794100389228,0.00042169650342858224,0.12649165391198933,0.635319591174259,0.1934195563709109,0.6480690369615322,0.16195350314835266,0.3648119062717201,0.01797712580999859,0.0008375947472701688,0.0020612147942692997,0.00654238750591257,0.7604242127479872,0.6925509909113992,0.9554819459199152
0.0017782794100389228,0.0017782794100389228,0.1265003431357948,0.635363234618408,0.1880733369076702,0.6301560683543092,0.15818487046999186,0.368580587806713,0.017981283499717268,0.0008334352546331455,0.002105001694224182,0.0064986006070264475,0.7553348445780442,0.6997053091000159,0.9557030181787632
0.0017782794100389228,0.007498942093324558,0.1265295954044409,0.6355101559847282,0.17020333689050052,0.5702810816300975,0.14523320577494225,0.3815323543815709,0.017995250423361774,0.0008194693867653161,0.0022658952079494562,0.006337707092861429,0.7366341296673027,0.7242925187975654,0.9564453047913989
0.0017782794100389228,0.03162277660168379,0.12659684303374477,0.6358479105818614,0.13010312601272367,0.43592183425093056,0.11470782868069308,0.4120575349900375,0.01802719763344958,0.0007875231195688598,0.0027349943306484484,0.005868607969700588,0.6821105584416084,0.7822411331653248,0.9581432469869363
0.0017782794100389228,0.1333521432163324,0.12672877346167985,0.6365106141911322,0.06378394109637046,0.21371363379015934,0.06499089911891419,0.46177473949898695,0.018089227687896302,0.0007254932322880753,0.00415897270411417,0.0044446295971846865,0.5166010051991473,0.8766227438649336,0.9614401278995446
0.0017782794100389228,0.5623413251903491,0.12692034079717102,0.637472754389715,0.01799818071643449,0.060304471867374185,0.03645465508346398,0.490310653353433,0.01817774660432554,0.0006369699517434877,0.006492812789378287,0.002110789511714841,0.24533787567640772,0.9307952621412432,0.9661451210362232
0.0017782794100389228,2.371373705661655,0.1270589932106943,0.6381692186276045,0.004603275679486068,0.015423677078976284,0.029407553186474693,0.4973579414229322,0.018240699549032513,0.0005740197829140088,0.007768103640876107,0.0008354986608310928,0.0971103302468207,0.9441733494554716,0.9694909197003355
0.0017782794100389228,10.0,0.12711438079598336,0.6384473984968245,0.001123133543528086,0.0037631569454699217,0.027675500948625545,0.4990899667607489,0.01826558730975697,0.0005491330516521092,0.008185834607608923,0.00041776769356829675,0.04855729948269857,0.9474614365497963,0.97081364797861
0.007498942093324558,0.0,0.11789449942446188,0.5921393407101283,0.18918933414402275,0.6338953166621554,0.1589759713606327,0.36778977016482,0.01829825428187263,0.0005164651783685978,0.002095708434316269,0.006507893872154621,0.7564150038943506,0.6982036627889714,0.9725499399839589
0.007498942093324558,0.0001,0.11789501484440625,0.5921419307413279,0.1887584597607484,0.6324516453357817,0.15867058443521337,0.3680946612279343,0.018298463443989353,0.0005162556236698745,0.0020992867185971363,0.006504315582248822,0.7559990983787428,0.6987831187772041,0.9725610772176094
0.007498942093324558,0.00042169650342858224,0.11789664537547667,0.5921501217796523,0.1873972520369895,0.6278908512722398,0.15770427630626466,0.36906054006151945,0.018299124887725806,0.0005155931614902446,0.00211067186502219,0.006492930438350455,0.7546757985088643,0.7006172937029338,0.9725962855174581
0.007498942093324558,0.0017782794100389228,0.11790308077249721,0.5921824467425142,0.18203916098004158,0.6099380233733521,0.1538707173212559,0.37289522075472276,0.018301734997970828,0.0005129818597891033,0.0021567128755146984,0.006446889424369902,0.7493244340752913,0.7078954689377391,0.9727350741620363
0.007498942093324558,0.007498942093324558,0.11792443394058243,0.5922896924071943,0.16436319696103519,0.550713215507293,0.14089316157318965,0.3858714988137624,0.018310391970566452,0.0005043279237451073,0.002323946365960902,0.0062796559347702815,0.7298868212721314,0.7325311051244522,0.973195034176534
0.007498942093324558,0.03162277660168379,0.11797268030614717,0.5925320065073102,0.12530651758125855,0.4198504156154844,0.11098858128577486,0.4157775562585512,0.018329928220281542,0.0004847924087820802,0.002804442196336459,0.005799160104176319,0.674038606344076,0.7893019817044773,0.9742333453501719
0.007498942093324558,0.1333521432163324,0.1180707424719206,0.5930245999937196,0.05937616592703256,0.19894500514770622,0.061966902776811245,0.46479918105490065,0.018369542182234813,0.00044518121489246944,0.004308048729625696,0.00429555355840553,0.49927384072381237,0.882363529697919,0.9763386787306986
0.007498942093324558,0.5623413251903491,0.1182060474095226,0.5937041574615729,0.01678498641374928,0.05623955876110042,0.03579141541141299,0.4909741286591061,0.018423946679030377,0.0003907730420072112,0.006590812297434265,0.0020127900025568323,0.23394735511646267,0.9320543725490482,0.9792304616916361
0.007498942093324558,2.371373705661655,0.11830027256273143,0.5941774761404504,0.004291229679987486,0.0143781396940393,0.029250595062845115,0.49751489653257724,0.01846166190495413,0.000353057422370414,0.007803811359135002,0.0007997909419705941,0.09296000837554032,0.9444713149787926,0.9812350417655357
0.007498942093324558,10.0,0.11833678448934905,0.5943608579613203,0.0010460374505758868,0.003504839762759295,0.027637589261381552,0.49912788963999893,0.018476234175047117,0.0003384858026384158,0.008195597931190483,0.00040800436977504636,0.047422504609407445,0.9475334083793377,0.9820095221698827
0.03162277660168379,0.0,0.0917720981691521,0.4609364296831075,0.1688879526746624,0.5658737878447123,0.14426016825731397,0.38250572522919174,0.018407065901423512,0.00040765393132826457,0.002278715689149328,0.00632488661429553,0.7351440002942793,0.7261398848310053,0.9783332446641785
0.03162277660168379,0.0001,0.09177255746613311,0.4609387388552982,0.168454500920668,0.5644214432323658,0.14393869226559713,0.3828267435262325,0.018407237096282465,0.0004074823779932985,0.0022829721944983617,0.006320630106779314,0.7346492649759823,0.7267499298824917,0.9783423622897796
0.03162277660168379,0.00042169650342858224,0.09177400614030073,0.4609460167495883,0.16709110578079334,0.5598532782872153,0.14292651366569878,0.38383894801244256,0.0184077767767313,0.000406942277977638,0.00229646505141374,0.0063071372496155305,0.733080985026585,0.7286714409665936,0.9783710680561136
0.03162277660168379,0.0017782794100389228,0.09177963545188116,0.4609742923655736,0.16180622891080376,0.5421458355210053,0.13897918522560213,0.38778668875733174,0.018409873976480022,0.0004048449974104212,0.002350309570780464,0.006253292734301903,0.7268226159881801,0.7361651692149966,0.9784825381674721
0.03162277660168379,0.007498942093324558,0.09179758546892412,0.46106444700549937,0.14507412944101716,0.4860834886425331,0.12626689576394196,0.40049857499401037,0.018416563401241478,0.0003981559465742703,0.0025387701870044476,0.006064832114126046,0.7049177660535448,0.7602976983623081,0.9788380608175006
0.03162277660168379,0.03162277660168379,0.09183762712422189,0.4612655591092457,0.10903254974943427,0.36532303844857045,0.09839590960848546,0.42836961127521844,0.01843149973115718,0.00038322029154934774,0.0030688253856235997,0.0055347769148618485,0.6433092467035064,0.8132073841062801,0.9796318897604185
0.03162277660168379,0.1333521432163324,0.09192982881011079,0.4617287033584366,0.046102247426545284,0.15446958870827598,0.05319335155792536,0.47357188393882405,0.018465965353853836,0.0003487543029199851,0.004829351842851182,0.0037742504546394687,0.43868258017229317,0.8990188646223701,0.9814637523554903
0.03162277660168379,0.5623413251903491,0.09204087715801017,0.4622864276443022,0.013137720302778036,0.044019075519798626,0.03382744056646677,0.4929380375359447,0.018507579151147698,0.00030713994947270565,0.006904093834009101,0.0016995084727702615,0.19753452242104488,0.9357827306976827,0.9836755495614825
0.03162277660168379,2.371373705661655,0.0921111966857065,0.4626396658246327,0.0033544687695740314,0.011239440428894987,0.028781363637942595,0.4979840666262528,0.018533992234332004,0.00028072770532608664,0.007913005338153534,0.0006905969622724733,0.08026835018144417,0.9453620872130772,0.9850793577461463
0.03162277660168379,10.0,0.09213648053757584,0.46276665267546985,0.0008155297427249535,0.002732503574413038,0.027524353700896356,0.49924112346799293,0.018543497768297137,0.00027122225375416986,0.008224928463117717,0.00037867383789169016,0.04401340562281252,0.9477483721051235,0.9855845713655962
0.1333521432163324,0.0,0.04779897733203367,0.24007612805365772,0.12359972650344303,0.414131632944643,0.1096645859514052,0.4171011129883886,0.018441517696539768,0.0003732019394785543,0.0028300125618894445,0.005773589739258532,0.6710665529586558,0.7918152488437947,0.9801643635037692
0.1333521432163324,0.0001,0.04779930955878118,0.24007779850042035,0.12319435410723317,0.41277339632356563,0.10935007926724316,0.4174153302179245,0.01844167893126016,0.00037304032602475146,0.0028361543415159774,0.005767447964787452,0.6703526917512136,0.7924121870983964,0.9801729528395532
0.1333521432163324,0.00042169650342858224,0.0478003552545306,0.24008305001975785,0.12192769374700552,0.4085293333531703,0.10836838116293855,0.4183985892423185,0.018442186169977594,0.00037253404322548026,0.0028555184129331265,0.0057480838875885835,0.6681019980712066,0.7942764310382491,0.9801998627136608
0.1333521432163324,0.0017782794100389228,0.04780434662936146,0.24010309745717762,0.11711324484018651,0.39239811062468144,0.10463701093498452,0.42212848861392127,0.018444122326272724,0.00037059726833639034,0.002931596117115425,0.005672006183637407,0.6592594573020994,0.8013594075075359,0.9803028014064811
0.1333521432163324,0.007498942093324558,0.04781733776802833,0.24016834782363614,0.10189479551195108,0.34140737409797683,0.09292127374997321,0.4338442769046916,0.01845042939603983,0.0003642894996599855,0.00320118842154799,0.005402413879568198,0.6279246402250969,0.8236003215576813,0.9806380578057303
0.1333521432163324,0.03162277660168379,0.04785645868189843,0.24036483542207635,0.06275042703977142,0.2102507620761392,0.06427711889519665,0.462488374248738,0.01846946839475069,0.0003452519841947968,0.0041929938071284915,0.004410608493936568,0.5126467193155323,0.8779777344344089,0.9816499008626697
0.1333521432163324,0.1333521432163324,0.04792383729655692,0.24070327847150855,0.024086685486425306,0.0807045336964471,0.03985848000329546,0.4869069605213003,0.018502417247837934,0.0003123029763572111,0.006041951952990762,0.0025616503472954875,0.29774160379429193,0.9243335326562019,0.9834011363105157
0.1333521432163324,0.5623413251903491,0.04798987766375008,0.24103495978581146,0.00694855776232842,0.023281747549485133,0.03059768669300352,0.4961678483084633,0.018534890957396036,0.0002798275797846731,0.007509840444838347,0.0010937618560416507,0.1271283606321248,0.9419140307026385,0.985127198196896
0.1333521432163324,2.371373705661655,0.048022983055777096,0.2412012619305995,0.0017624106460558675,0.005905110721222956,0.02799063332931888,0.4987748477449941,0.018551241339384687,0.0002634782139218493,0.008105764974990336,0.0004978373260558314,0.057863823621333146,0.9468631975044542,0.9859961657586573
0.1333521432163324,10.0,0.04803328365983777,0.24125299520843038,0.0004261553342882623,0.001427870638281387,0.027333478224518745,0.4994320058147609,0.018556336856708152,0.0002583831778811589,0.008274953429526537,0.00032864887158803516,0.03819898457480532,0.9481107265895221,0.9862669666406867
0.5623413251903491,0.0,0.015938320416500368,0.08005213770602793,0.05152179200313326,0.17262824511381125,0.056712611595272605,0.47005282635200096,0.018477895478265498,0.00033682207325204394,0.00460198928239202,0.004001613019308842,0.46510901817460304,0.8923380170569426,0.982097946868999
0.5623413251903491,0.0001,0.015938537669738063,0.08005322828560722,0.051151696809829325,0.1713882081756381,0.05646947968813599,0.4702960360016535,0.01847815160575215,0.00033656738868088177,0.004616832390623038,0.003986769910149653,0.46338379794607665,0.892799589179274,0.9821114846955482
0.5623413251903491,0.00042169650342858224,0.01593920866067818,0.08005659840362787,0.050017304856526154,0.16758732984315444,0.05572675613880956,0.4710387536626645,0.01847894251032913,0.0003357764865929462,0.004662931013503727,0.003940671287873037,0.4580257373405606,0.8942095579495886,0.9821535210465872
0.5623413251903491,0.0017782794100389228,0.015941702593273575,0.08006912439176166,0.04599296420366211,0.1541034284125107,0.05312332518498994,0.47364200013065466,0.018481883345122165,0.0003328355396127323,0.004834167836739615,0.003769434463673939,0.4381228155435254,0.8991518184057465,0.9823098319112928
0.5623413251903491,0.007498942093324558,0.015948941907969555,0.0801054845055256,0.03589480443758608,0.120268660456836,0.04681410367179687,0.4799515573438821,0.018490430872095245,0.00032428792905097735,0.005324841017640717,0.0032787612833723428,0.3810916833041288,0.9111291658960203,0.9827641362872125
0.5623413251903491,0.03162277660168379,0.015963860545912936,0.08018041503899204,0.0209233680279823,0.07010556454235992,0.03807434261425639,0.48869076587061294,0.018508096542624107,0.0003066237227025462,0.006268091808078059,0.002335510493698608,0.27145728170353933,0.9277204545233297,0.9837029879595072
0.5623413251903491,0.1333521432163324,0.015984529586648692,0.08028423748904821,0.008211088758544826,0.027511966901405945,0.031246019861288124,0.4955193981627934,0.018532685692259698,0.0002820315623192853,0.00737779570738157,0.001225806593564225,0.1424759711905177,0.9406832362335127,0.9850100557715983
0.5623413251903491,0.5623413251903491,0.015999149862596495,0.08035766332869247,0.0023584844572914166,0.007902307446478993,0.028285686655045716,0.4984796624819923,0.01855015553206361,0.00026456389197040237,0.008032505001464362,0.0005710973011708661,0.06637885865504764,0.9463030613130018,0.9859384620090353
0.5623413251903491,2.371373705661655,0.01600461894159226,0.08038514167422091,0.0005912588266746853,0.001981064317104558,0.027414352748279126,0.49935113792641156,0.01855671023267182,0.00025800872826428194,0.008253667604102765,0.00034993469751925144,0.0406730442960246,0.9479571968293409,0.986286867808125
0.5623413251903491,10.0,0.016006109323498614,0.08039262611228039,0.00014226024773397917,0.0004766553750433645,0.02719462765095546,0.4995708597054006,0.018558497331546506,0.0002562227745916729,0.008311812202194221,0.00029179009894551676,0.033914875273449434,0.948374317787149,0.9863817918551934
2.371373705661655,0.0,0.004270541557099493,0.021449310166465566,0.014010816360623693,0.04694445925406582,0.03429346649235577,0.49247184603916294,0.018519889339234298,0.0002948294329670032,0.006826418457730755,0.0017771838415679287,0.20656276054424258,0.9348980168653287,0.9843298517221202
2.371373705661655,0.0001,0.004270589652335866,0.02144955166449196,0.013908848449342943,0.04660280618621988,0.03423891482208424,0.4925265067752755,0.01852008856906747,0.00029463104778564345,0.006835399818081403,0.001768202482672875,0.2055188537152463,0.9350015900469332,0.9843403965732378
2.371373705661655,0.00042169650342858224,0.004270737306723476,0.021450293301890914,0.013597254430486663,0.04555878340676579,0.03407240563608002,0.49269303715936474,0.018520700057618633,0.0002940193854972335,0.006862992140346157,0.0017406101607283125,0.20231178753008314,0.935317690060946,0.9843729062032436
2.371373705661655,0.0017782794100389228,0.004271272549319454,0.02145298160861353,0.012501828738610832,0.041888464338951645,0.03348963896953592,0.4932758410202838,0.0185229174364356,0.00029180206927987987,0.00696178804319617,0.0016418142580475693,0.19082870181135964,0.9364240060487926,0.9844907563362167
2.371373705661655,0.007498942093324558,0.0042727152265269516,0.021460227510083085,0.009791872819453538,0.03280852118755926,0.0320653754066095,0.4947000973119537,0.018528899977803114,0.0002858207837274799,0.007218871448210669,0.0013847308523205811,0.1609477988348064,0.939127795827005,0.9848086619328479
2.371373705661655,0.03162277660168379,0.004275248467995348,0.021472951065339564,0.005751050777454655,0.019269395697378625,0.029987688484514153,0.49677777700987785,0.018539425197323253,0.0002752949890445188,0.0076395276052384714,0.0009640746950665883,0.11205477210777223,0.9430720302509449,0.9853681061255442
2.371373705661655,0.1333521432163324,0.004277935593662523,0.021486449710043022,0.0022463113430260806,0.007526461426873137,0.028230078721624943,0.49853540500260296,0.018550620472198884,0.00026410025940598445,0.008046190219960704,0.0005574120808272766,0.06478822025237321,0.9464086399092854,0.9859631049977606
2.371373705661655,0.5623413251903491,0.004279368328066452,0.02149364452590598,0.0006367792404261214,0.0021335842765884197,0.02743666624182611,0.4993288226734922,0.01855659945447233,0.00025811991209285525,0.008247818167748337,0.0003557841331229682,0.041352926446511507,0.9479148372109149,0.9862809586970743
2.371373705661655,2.371373705661655,0.004279822165047256,0.02149592636314164,0.0001585344768581531,0.000531183604278512,0.02720257980388555,0.49956290457010577,0.01855849756509188,0.0002562219068939419,0.008309690410569516,0.0002939118904402289,0.03416149191435017,0.9483592213027906,0.9863818375142158
2.371373705661655,10.0,0.0042799389823781455,0.021496512835809577,3.806496412448686e-05,0.0001275399842398316,0.02714373350619473,0.4996217494501697,0.018558985613791917,0.00025573440478334,0.008325422630178408,0.00027817967084787696,0.032332929988487975,0.9484709336802873,0.986407748585636
10.0,0.0,0.0011302068702476345,0.005676600341056776,0.0038106071146487607,0.012767770495761766,0.029009481219357494,0.4977559955410896,0.0185453467938577,0.00026937266850065884,0.007859456229237083,0.0007441460719331605,0.0864923837578991,0.9449290386344913,0.985682876163018
10.0,0.0001,0.0011302128034896004,0.0056766301364363095,0.003782395858076165,0.012673246195837816,0.028995353308837186,0.49777013326065295,0.018545437930198104,0.00026928174526457056,0.007862747100825357,0.0007408552002262583,0.08610988447661092,0.9449558597742111,0.9856877088838185
10.0,0.00042169650342858224,0.001130230921413668,0.005676721144012811,0.003696259272100109,0.012384638109461754,0.028952231002770293,0.49781325160405165,0.01854571617151152,0.0002690032058101482,0.007872812095347244,0.0007307902052527527,0.08494002624944544,0.9450377217970064,0.9857025129944595
10.0,0.0017782794100389228,0.001130295169999832,0.0056770438643349635,0.003394229906338928,0.01137266248327006,0.028801223800552164,0.4979642532702879,0.018546703029398672,0.00026801545772788573,0.007908308501108265,0.0006952938001893475,0.08081426544837873,0.9453243899719711,0.9857550110084684
10.0,0.007498942093324558,0.0011304583439629978,0.005677863395813928,0.002651022498490937,0.008882481427702402,0.02843094515595148,0.49833461728296863,0.01854921078841638,0.0002655088098413195,0.00799703314091092,0.0006065691611946992,0.07050176657354901,0.9460273275566515,0.9858882398722588
10.0,0.03162277660168379,0.0011307140302066288,0.0056791475958022425,0.0015482901845144692,0.0051876808873787365,0.027884930465711496,0.49888054366328716,0.018553143642024525,0.00026157641730383804,0.008132408586296479,0.0004711937152646531,0.05476702650227737,0.9470638607972168,0.9860972463858613
10.0,0.1333521432163324,0.0011309482252771516,0.005680324464821921,0.0005992189733807126,0.002007735263558994,0.027418253782987026,0.4993472303296101,0.018556751312007645,0.0002579690607578191,0.008252644115494924,0.0003509581857923148,0.04079200473269269,0.947949790542607,0.9862889771600735
10.0,0.5623413251903491,0.0011310591982156928,0.0056808814927221144,0.00016879123148433659,0.0005655497141298102,0.02720759229319844,0.49955789362099456,0.01855846007221896,0.00025625935107268,0.00830835371785924,0.0002952485828986178,0.03431685619320299,0.9483497058544412,0.9863798473255229
10.0,2.371373705661655,0.0011310923798341947,0.005681048782188985,4.19295948873658e-05,0.00014048876794437432,0.027145620821819705,0.49961986650811957,0.01855897331077423,0.00025574622390049585,0.008324917019882413,0.00027868528115942114,0.032391697269139735,0.9484673512696995,0.9864071200514493
10.0,10.0,0.0011311008257505963,0.005681091136903482,1.006161625784768e-05,3.371232335276081e-05,0.027130061607289813,0.49963542274519557,0.018559103377912275,0.0002556166548090145,0.00832908814875655,0.00027451415234913294,0.03190688536519803,0.9484968882487833,0.9864140069921606
