RAFi_0_uM,MEKi_0_uM,pMEK,pMEK_obs,pERK,pERK_obs
0.0001,0.0001,0.10389459122518235,0.521823109306762,0.17829494720852937,0.5973936760780554
0.0001,0.00016155980984398745,0.10389558498325142,0.5218281151001773,0.1780307871773277,0.5965077243830071
0.0001,0.0002610157215682536,0.10389718185926355,0.5218361279440371,0.17760680740689921,0.5950872163280224
0.0001,0.00042169650342858224,0.10389969011805215,0.5218487294631857,0.17693048319229948,0.5928207172881166
0.0001,0.0006812920690579615,0.10390370242596156,0.5218688739883641,0.17585899747780806,0.5892309043824797
0.0001,0.0011006941712522103,0.10391002264287284,0.5219006576548525,0.17418150778005081,0.5836104130771109
0.0001,0.0017782794100389228,0.10391985387470168,0.5219500212472815,0.17160064791761834,0.5749628351387163
0.0001,0.0028729848333536655,0.10393479538885472,0.5220250496056028,0.16773025979298445,0.5619949623523243
0.0001,0.004641588833612782,0.10395698374930845,0.5221364594976994,0.16213110605634784,0.5432345691196222
0.0001,0.007498942093324558,0.10398862342158732,0.5222953898638357,0.15440067651060746,0.5173328507841061
0.0001,0.012115276586285889,0.10403193002800423,0.5225129153307337,0.14430072639771221,0.48349198020030504
0.0001,0.019573417814876617,0.10408888088325997,0.5227989910728573,0.1318380651109538,0.4417347609834664
0.0001,0.03162277660168379,0.10416169715016338,0.5231646797235227,0.11713157697714802,0.3924595003008362
0.0001,0.051089697745069294,0.10425902557227018,0.5236535699249393,0.0993453099681514,0.3328653941705619
0.0001,0.0825404185268019,0.10440725148342293,0.5243980163906714,0.07552572971082572,0.2530556355179665
0.0001,0.1333521432163324,0.10456973042266329,0.5252141039457993,0.05250628302527613,0.1759269532509644
0.0001,0.21544346900318845,0.10469874221535108,0.5258620686347703,0.03518617681426809,0.11789442023107323
0.0001,0.3480700588428413,0.10478362110943021,0.5262883797983592,0.0230816212692519,0.07733697200243726
0.0001,0.5623413251903491,0.10483108382327963,0.5265268176657378,0.014921840655790459,0.04999690943901538
0.0001,0.9085175756516871,0.10485387781450363,0.5266413243271619,0.009542974122604412,0.0319745689572034
0.0001,1.4677992676220706,0.10486322218713576,0.526688244062167,0.006051435848112963,0.020275875141789104
0.0001,2.371373705661655,0.10486626655974998,0.5267035598344819,0.003811437894050345,0.012770566910070261
0.0001,3.8311868495572927,0.10486679502802056,0.5267062591116103,0.002387981188261201,0.008001139363338567
0.0001,6.18965818891261,0.10486648988644712,0.5267047890922077,0.0014903330852543684,0.0049934933547822104
0.0001,10.0,0.10486605128697114,0.5267025372234772,0.0009275958839700918,0.0031079908905508593
0.00016155980984398745,0.0001,0.10119211786720315,0.5082496179427867,0.1761692317598031,0.5902704803987573
0.00016155980984398745,0.00016155980984398745,0.1011929819467973,0.5082539616722955,0.1759045996386639,0.5893838627929662
0.00016155980984398745,0.0002610157215682536,0.1011943325652103,0.5082607385776043,0.1754805708095355,0.5879627990351131
0.00016155980984398745,0.00042169650342858224,0.1011964630776293,0.5082714267792615,0.1748039343413284,0.585695838195146
0.00016155980984398745,0.0006812920690579615,0.10119988792153176,0.508288647920734,0.17373265908842683,0.5821070359114863
0.00016155980984398745,0.0011006941712522103,0.10120523632095962,0.5083155155215036,0.17205728353481342,0.5764920892708528
0.00016155980984398745,0.0017782794100389228,0.10121351395294861,0.508357066432375,0.16948109108953618,0.5678607952327338
0.00016155980984398745,0.0028729848333536655,0.10122613676485376,0.5084204953839357,0.16562358174217578,0.5549355825464906
0.00016155980984398745,0.004641588833612782,0.10124480141052235,0.5085142266133289,0.1600524239274928,0.5362695260922451
0.00016155980984398745,0.007498942093324558,0.10127131547164311,0.5086473815066472,0.15237621487746306,0.5105496923800226
0.00016155980984398745,0.012115276586285889,0.10130739785847426,0.5088286259467533,0.14236481535614479,0.47700599775806035
0.00016155980984398745,0.019573417814876617,0.10135445515409428,0.5090649777425487,0.13001951310917478,0.4356417013289887
0.00016155980984398745,0.03162277660168379,0.1014140676445339,0.5093643864050649,0.1154084317191808,0.38668582440963717
0.00016155980984398745,0.051089697745069294,0.10149351794964934,0.509763443788724,0.09745570271117343,0.3265338038239541
0.00016155980984398745,0.0825404185268019,0.10160987675400027,0.5103478516442368,0.07354285267699973,0.24641168484278717
0.00016155980984398745,0.1333521432163324,0.1017267659671375,0.5109349789814694,0.05106299672388415,0.17109093288616925
0.00016155980984398745,0.21544346900318845,0.1018112717970227,0.5113594065130991,0.03421751505432447,0.11464880140432483
0.00016155980984398745,0.3480700588428413,0.10185999174514002,0.5116041179687678,0.022446693945031664,0.07520952844660926
0.00016155980984398745,0.5623413251903491,0.1018818761160709,0.5117140749736732,0.01451072063195065,0.048619440260756444
0.00016155980984398745,0.9085175756516871,0.10188836023801201,0.5117466303854644,0.009278977649357392,0.031090023841889122
0.00016155980984398745,1.4677992676220706,0.10188794853173273,0.5117445440511871,0.005883084019711247,0.019711786003305493
0.00016155980984398745,2.371373705661655,0.10188533984678404,0.5117315138644994,0.003704770792995235,0.012413154946544094
0.00016155980984398745,3.8311868495572927,0.10188261826739095,0.5117178598972341,0.0023207968941369892,0.0077760337292051675
0.00016155980984398745,6.18965818891261,0.10188043789933263,0.5117069440402607,0.0014482287440391436,0.004852416606982945
0.00016155980984398745,10.0,0.10187887621809766,0.5116991395936675,0.0009013104170754278,0.003019919004313184
0.0002610157215682536,0.0001,0.09913396292858327,0.49791228186985736,0.17452490400091594,0.5847611072784744
0.0002610157215682536,0.00016155980984398745,0.09913460964288119,0.49791553705172636,0.17426023340933477,0.5838740538626288
0.0002610157215682536,0.0002610157215682536,0.09913562754438207,0.4979206540047065,0.17383606160009188,0.5824524480852222
0.0002610157215682536,0.00042169650342858224,0.0991372583332927,0.4979288388233031,0.173159168811529,0.5801850691024043
0.0002610157215682536,0.0006812920690579615,0.09913985881539196,0.49794190176219427,0.17208843784397682,0.576597057505746
0.0002610157215682536,0.0011006941712522103,0.09914396291028155,0.4979625180006112,0.17041376796324012,0.5709857728395491
0.0002610157215682536,0.0017782794100389228,0.0991502711182359,0.4979942006437459,0.16784138808303106,0.5623669633594631
0.0002610157215682536,0.0028729848333536655,0.09915981196465551,0.4980421188967353,0.16399320187927147,0.549473518397949
0.0002610157215682536,0.004641588833612782,0.09917384077064666,0.4981125796194231,0.15844340816225594,0.5308786227339117
0.0002610157215682536,0.007498942093324558,0.09919356627074985,0.49821165591638544,0.15080808149323033,0.5052952957496121
0.0002610157215682536,0.012115276586285889,0.09922001069063495,0.49834447232900037,0.14086259332837392,0.4719725109004024
0.0002610157215682536,0.019573417814876617,0.0992538432569003,0.4985144017879403,0.12860251209840018,0.4308938601638597
0.0002610157215682536,0.03162277660168379,0.0992957560436245,0.4987249096204471,0.11405121194787404,0.38213851048695385
0.0002610157215682536,0.051089697745069294,0.09935028551999672,0.49899879243918654,0.09592905706843671,0.3214186085913238
0.0002610157215682536,0.0825404185268019,0.09942471773458308,0.4993726464700553,0.07198220551681234,0.24118262286485928
0.0002610157215682536,0.1333521432163324,0.0994911462576338,0.49970631034727814,0.04992902507656861,0.1672915240531716
0.0002610157215682536,0.21544346900318845,0.09952111760139488,0.4998568296723507,0.033449941159085776,0.11207696520485992
0.0002610157215682536,0.3480700588428413,0.09953227229256491,0.49991285729578644,0.021941296620317713,0.07351622516254322
0.0002610157215682536,0.5623413251903491,0.09952873515022005,0.4998951255209263,0.014182586775314105,0.04751999147683407
0.0002610157215682536,0.9085175756516871,0.09951948990143722,0.4998487015058075,0.009067962463069155,0.030383003262669937
0.0002610157215682536,1.4677992676220706,0.09950982684640264,0.49980014903160397,0.005748424524193834,0.019260596878504403
0.0002610157215682536,2.371373705661655,0.09950187719911564,0.499760254018197,0.0036194270506748035,0.012127206574310719
0.0002610157215682536,3.8311868495572927,0.09949605394571039,0.49973104188722056,0.0022670390704186655,0.007595912208257756
0.0002610157215682536,6.18965818891261,0.09949205045313429,0.4997109975104865,0.0014145389021512948,0.004739537049208461
0.0002610157215682536,10.0,0.09948941223413783,0.49969777515307184,0.0008802789909056466,0.002949452486672083
0.00042169650342858224,0.0001,0.09756731073882312,0.4900435879333408,0.17325832435545546,0.5805170843141704
0.00042169650342858224,0.00016155980984398745,0.09756772753876725,0.4900456821183544,0.17299345137235056,0.5796295391387662
0.00042169650342858224,0.0002610157215682536,0.09756840042823711,0.4900490611495648,0.17256900588201335,0.5782073516027965
0.00042169650342858224,0.00042169650342858224,0.09756947469734195,0.4900544578964321,0.17189212084780522,0.5759396027001262
0.00042169650342858224,0.0006812920690579615,0.09757118159772163,0.49006302960836007,0.1708213362944649,0.5723517010667217
0.00042169650342858224,0.0011006941712522103,0.09757385398145216,0.4900764526704427,0.1691472973203852,0.5667427505223465
0.00042169650342858224,0.0017782794100389228,0.09757795524783616,0.49009705105874196,0.166577599624238,0.5581326473784707
0.00042169650342858224,0.0028729848333536655,0.09758410328373315,0.4901279308525245,0.16273643276894634,0.5452624347145106
0.00042169650342858224,0.004641588833612782,0.09759298391864636,0.4901725332724148,0.15720223266491595,0.5267197141133004
0.00042169650342858224,0.007498942093324558,0.0976052294744348,0.4902340406861112,0.14959688502556168,0.5012370504390812
0.00042169650342858224,0.012115276586285889,0.09762117531951853,0.4903141259443995,0.13970004615008158,0.4680771931385223
0.00042169650342858224,0.019573417814876617,0.0976407190331346,0.490412288964255,0.12750164733281347,0.4272053350786621
0.00042169650342858224,0.03162277660168379,0.09766353947944746,0.4905269072136985,0.11298661018586884,0.37857146183611723
0.00042169650342858224,0.051089697745069294,0.09769064871576058,0.49066306726305714,0.0947075281133011,0.31732576788125416
0.00042169650342858224,0.0825404185268019,0.09771994512966735,0.4908102248793635,0.07075870165151749,0.23708318308301618
0.00042169650342858224,0.1333521432163324,0.0977329901956861,0.4908757587252863,0.04903797614797797,0.1643060032678478
0.00042169650342858224,0.21544346900318845,0.09772570641159295,0.49083915608068585,0.03284860962224587,0.11006212632259947
0.00042169650342858224,0.3480700588428413,0.0977058703609706,0.49073953050438374,0.02154480752315752,0.07218775150220715
0.00042169650342858224,0.5623413251903491,0.09768273118691799,0.4906233455335152,0.013925097085557524,0.046657251045534094
0.00042169650342858224,0.9085175756516871,0.09766206334148661,0.4905195504737633,0.008902418992149979,0.0298283302232223
0.00042169650342858224,1.4677992676220706,0.09764600837165435,0.490438892373262,0.00564282519994747,0.01890677756255538
0.00042169650342858224,2.371373705661655,0.09763449055575914,0.49038108086743715,0.003552526961926157,0.011903051782924473
0.00042169650342858224,3.8311868495572927,0.09762665412811457,0.49034175963335375,0.0022249128677611883,0.00745476552374672
0.00042169650342858224,6.18965818891261,0.09762150018845088,0.49031591877304315,0.0013881455128821588,0.0046511035295235415
0.00042169650342858224,10.0,0.09761816581355691,0.4902991973682104,0.0008638053635300364,0.0028942556605222637
0.0006812920690579615,0.0001,0.09627241032375572,0.4835397958549534,0.1722012851723319,0.5769754271039137
0.0006812920690579615,0.00016155980984398745,0.09627261361274056,0.483540815704442,0.17193631586236224,0.5760875173983515
0.0006812920690579615,0.0002610157215682536,0.09627294395656553,0.48354247279550366,0.17151169120540605,0.5746648340569299
0.0006812920690579615,0.00042169650342858224,0.096273466297239,0.4835450985401634,0.17083474293970197,0.5723966708365696
0.0006812920690579615,0.0006812920690579615,0.09627429365363925,0.48354925331843296,0.16976391668227425,0.5688087706161996
0.0006812920690579615,0.0011006941712522103,0.09627557489884388,0.48355568806595484,0.16809045273174766,0.5632016766327145
0.0006812920690579615,0.0017782794100389228,0.09627751027487215,0.48356540986857505,0.16552281471040364,0.5545984806411105
0.0006812920690579615,0.0028729848333536655,0.09628034090770946,0.4835796271963034,0.16168724384695152,0.5417470566615573
0.0006812920690579615,0.004641588833612782,0.09628428308670127,0.48359942729674466,0.15616581556747283,0.5232470779326467
0.0006812920690579615,0.007498942093324558,0.09628940170534328,0.4836251383783118,0.1485849449230746,0.49784678837505897
0.0006812920690579615,0.012115276586285889,0.09629545578830669,0.4836555416546541,0.13872791728313716,0.4648199323531363
0.0006812920690579615,0.019573417814876617,0.09630177756566803,0.48368729364609847,0.12657907686651054,0.42411419868167705
0.0006812920690579615,0.03162277660168379,0.09630719059969492,0.48371447956103675,0.11208835741548462,0.37556174427673017
0.0006812920690579615,0.051089697745069294,0.09630941697178809,0.4837256652110336,0.09366395261883698,0.31382921477137493
0.0006812920690579615,0.0825404185268019,0.0963002849420615,0.4836798069342719,0.06973635781336718,0.23365773344332771
0.0006812920690579615,0.1333521432163324,0.09627295249759986,0.4835425438380402,0.048298475719866944,0.1618282511089033
0.0006812920690579615,0.21544346900318845,0.09623353704267189,0.48334455568228485,0.03234911874443176,0.10838853667404995
0.0006812920690579615,0.3480700588428413,0.09619194521986818,0.48313565808491815,0.021216189519444494,0.07108668902741803
0.0006812920690579615,0.5623413251903491,0.09615550466831009,0.482952665419633,0.01371202171644616,0.04594332359506442
0.0006812920690579615,0.9085175756516871,0.09612719012228933,0.48281046356925705,0.008765565220861861,0.02936979063193857
0.0006812920690579615,1.4677992676220706,0.09610680426440343,0.4827080521824303,0.005555576926833911,0.018614444499491643
0.0006812920690579615,2.371373705661655,0.09609282518915502,0.4826378804134829,0.0034972728379168176,0.011717917658169411
0.0006812920690579615,3.8311868495572927,0.0960835849557863,0.48259150726187766,0.002190128900626512,0.00733821840883386
0.0006812920690579615,6.18965818891261,0.09607760436181191,0.48256151363275157,0.0013663559802112681,0.004578095519962808
0.0006812920690579615,10.0,0.09607379370650848,0.48254240114386143,0.00085020715486137,0.0028486937106797744
0.0011006941712522103,0.0001,0.09500048983869665,0.47715142531084875,0.17115398954628944,0.5734662875978048
0.0011006941712522103,0.00016155980984398745,0.09500050622949523,0.4771515015529617,0.17088888676480313,0.5725780977206616
0.0011006941712522103,0.0002610157215682536,0.09500052796713031,0.47715161164932984,0.17046420805893436,0.571155145499694
0.0011006941712522103,0.00042169650342858224,0.0950005601579499,0.477151773844035,0.169787212504742,0.56888683158408
0.0011006941712522103,0.0006812920690579615,0.09500060277404072,0.4771519910999167,0.16871652013197175,0.5652994266728083
0.0011006941712522103,0.0011006941712522103,0.09500065233562699,0.4771522369551745,0.1670438268516926,0.5596949157885204
0.0011006941712522103,0.0017782794100389228,0.09500067519825335,0.4771523502686473,0.1644785388161126,0.5510996964650704
0.0011006941712522103,0.0028729848333536655,0.09500059697183287,0.47715195841962976,0.1606490534470357,0.5382686242552476
0.0011006941712522103,0.004641588833612782,0.09500023022620355,0.47715011704896054,0.15514095046325108,0.5198132884758359
0.0011006941712522103,0.007498942093324558,0.0949991896607281,0.4771448909554724,0.1475853288791985,0.494497487202515
0.0011006941712522103,0.012115276586285889,0.09499681165597047,0.4771329461902418,0.13776832910956954,0.4616047651484772
0.0011006941712522103,0.019573417814876617,0.0949920217958084,0.4771088864047276,0.1256686518171041,0.4210637423640316
0.0011006941712522103,0.03162277660168379,0.09498303156289664,0.47706373251827505,0.11119867884999088,0.37258083087795413
0.0011006941712522103,0.051089697745069294,0.09496481124597778,0.4769722194250551,0.09262430318241967,0.3103457711334849
0.0011006941712522103,0.0825404185268019,0.09492603953249637,0.47677749488167176,0.06874413568519798,0.23033319702880573
0.0011006941712522103,0.1333521432163324,0.0948706098777858,0.47649910622893715,0.047588631083057255,0.15944984735038684
0.0011006941712522103,0.21544346900318845,0.09481117733467481,0.47620058131978926,0.03187322402398313,0.10679400968603041
0.0011006941712522103,0.3480700588428413,0.09475769942608812,0.4759319858328623,0.02090489084549363,0.07004365536165928
0.0011006941712522103,0.5623413251903491,0.09471507773424852,0.47571794353010277,0.01351100981277677,0.045269816397934974
0.0011006941712522103,0.9085175756516871,0.09468376148045896,0.4755606705113299,0.008636814120353628,0.02893839924279525
0.0011006941712522103,1.4677992676220706,0.09466201150423671,0.4754514050109699,0.005473645128436613,0.018339924808677084
0.0011006941712522103,2.371373705661655,0.09464743849067819,0.475378249415766,0.0034454496492345127,0.011544279820105514
0.0011006941712522103,3.8311868495572927,0.09463792295417682,0.475330495276592,0.0021575309505502778,0.007228996292512181
0.0011006941712522103,6.18965818891261,0.09463182196271838,0.475299896897686,0.001345946752452193,0.0045097126613725105
0.0011006941712522103,10.0,0.0946279545300274,0.4752804971214979,0.0008374746548224229,0.002806032323970147
0.0017782794100389228,0.0001,0.09348618289191027,0.46954563086133494,0.16989508864157943,0.5692482996843524
0.0017782794100389228,0.00016155980984398745,0.09348603963339114,0.469544912735251,0.16963000882159804,0.5683601083438812
0.0017782794100389228,0.0002610157215682536,0.09348580773829651,0.4695437461698392,0.16920535347496352,0.5669372630422181
0.0017782794100389228,0.00042169650342858224,0.0934854327597533,0.4695418667604532,0.16852853139293258,0.564669503861689
0.0017782794100389228,0.0006812920690579615,0.09348483206246574,0.46953884604791524,0.1674583946496606,0.5610838872351502
0.0017782794100389228,0.0011006941712522103,0.09348386626711788,0.4695339909405993,0.1657871588863205,0.5554842848071295
0.0017782794100389228,0.0017782794100389228,0.09348231782747518,0.4695262189126291,0.16322557344882715,0.5469014526572241
0.0017782794100389228,0.0028729848333536655,0.09347986156087254,0.469513879279187,0.15940457431740565,0.5340988599725611
0.0017782794100389228,0.004641588833612782,0.09347599819440786,0.4694944767453692,0.15391415050952745,0.5157027320775667
0.0017782794100389228,0.007498942093324558,0.09347002618075863,0.4694644814585679,0.14639085484326034,0.49049527687256017
0.0017782794100389228,0.012115276586285889,0.09346098567380208,0.46941907103121916,0.13662403161262549,0.45777069064432246
0.0017782794100389228,0.019573417814876617,0.09344757051818317,0.4693516953088309,0.12458460509240787,0.4174315454054475
0.0017782794100389228,0.03162277660168379,0.0934275923415056,0.4692513512926119,0.11013638770414119,0.3690215459072299
0.0017782794100389228,0.051089697745069294,0.09339390902429012,0.4690821725332121,0.09137993217784807,0.3061764104410525
0.0017782794100389228,0.0825404185268019,0.09333477287804316,0.46878516619114025,0.06759246040631414,0.2264744210604031
0.0017782794100389228,0.1333521432163324,0.09326284797522061,0.4684239289975122,0.04677534540199313,0.15672486223978616
0.0017782794100389228,0.21544346900318845,0.09319370862161139,0.46807665035037016,0.03133231405888457,0.10498164438427073
0.0017782794100389228,0.3480700588428413,0.09313587724570001,0.46778618788816967,0.020552902970454645,0.06886429001683575
0.0017782794100389228,0.5623413251903491,0.09309190992687866,0.4675653902457226,0.013284440297806194,0.044510675320506086
0.0017782794100389228,0.9085175756516871,0.0930605930094045,0.4674081107139004,0.008491971113309968,0.02845309000207144
0.0017782794100389228,1.4677992676220706,0.09303924436983409,0.46730086071743054,0.005381579958429872,0.01803145257409184
0.0017782794100389228,2.371373705661655,0.09302511198558225,0.4672299088826395,0.0033872596390722457,0.011349311879219852
0.0017782794100389228,3.8311868495572927,0.0930159562277399,0.46718396936878454,0.002120946354287819,0.007106416339557411
0.0017782794100389228,6.18965818891261,0.09301011136088497,0.46715465462096234,0.0013230490098668896,0.004432991710755022
0.0017782794100389228,10.0,0.09300642092502794,0.467136144936236,0.0008231927888468552,0.0027581797255703034
0.0028729848333536655,0.0001,0.09142706370680413,0.45920345606100077,0.1681619001962451,0.5634410750250884
0.0028729848333536655,0.00016155980984398745,0.09142679582386022,0.4592021108924245,0.16789693612860013,0.5625532772098245
0.0028729848333536655,0.0002610157215682536,0.0914263649323809,0.45919994809536135,0.16747253158816627,0.5611312714957543
0.0028729848333536655,0.00042169650342858224,0.09142567462765708,0.45919647952820447,0.16679625217306757,0.5588653499855438
0.0028729848333536655,0.0006812920690579615,0.09142457059010609,0.4591909328524546,0.1657273472581522,0.5552838816833447
0.0028729848333536655,0.0011006941712522103,0.09142281619807496,0.459182121664261,0.1640589178508765,0.5496937072719036
0.0028729848333536655,0.0017782794100389228,0.0914200562893419,0.459168261086926,0.1615036300743593,0.5411319519775409
0.0028729848333536655,0.0028729848333536655,0.0914157729866919,0.45914674714184844,0.15769607386602202,0.5283743847515691
0.0028729848333536655,0.004641588833612782,0.09140925303667184,0.4591140006922109,0.15223228199812386,0.5100674708388135
0.0028729848333536655,0.007498942093324558,0.09139960129169103,0.4590655242175785,0.14475616307309627,0.48501812044358755
0.0028729848333536655,0.012115276586285889,0.0913856745255279,0.45899557249351597,0.1350607659079154,0.4525328326979315
0.0028729848333536655,0.019573417814876617,0.09136608004842858,0.4588971602839777,0.12310449710967668,0.4124722881744896
0.0028729848333536655,0.03162277660168379,0.09133836515041563,0.4587579531570242,0.10867731058248829,0.3641327789606434
0.0028729848333536655,0.051089697745069294,0.09129377228350675,0.4585339819073458,0.08966668163484415,0.3004360122427811
0.0028729848333536655,0.0825404185268019,0.09122255874763002,0.45817631626682603,0.06605985914162577,0.22133930164936905
0.0028729848333536655,0.1333521432163324,0.09114347720569012,0.4577791339735499,0.04570415790069749,0.15313575437722604
0.0028729848333536655,0.21544346900318845,0.09107209982506813,0.4574206134090799,0.030623223710939233,0.10260577509190504
0.0028729848333536655,0.3480700588428413,0.091014912005978,0.4571333829801569,0.020092613005798208,0.06732204806284749
0.0028729848333536655,0.5623413251903491,0.0909726363828383,0.4569210820675007,0.012988526706545388,0.04351919071228847
0.0028729848333536655,0.9085175756516871,0.0909430636735585,0.45677256181121456,0.00830291652983341,0.027819646051875317
0.0028729848333536655,1.4677992676220706,0.09092313647098778,0.4566724546190511,0.0052614599776301665,0.017628979982220662
0.0028729848333536655,2.371373705661655,0.09091003797225491,0.45660670204165016,0.003311359138315822,0.01109499786433913
0.0028729848333536655,3.8311868495572927,0.09090159214208302,0.45656431784639073,0.002073237496654834,0.006946563587051342
0.0028729848333536655,6.18965818891261,0.09089621747043664,0.4565373635037208,0.001293193839048705,0.004332959350379114
0.0028729848333536655,10.0,0.0908928297997496,0.4565203751958937,0.0008045736463152878,0.0026957946486320904
0.004641588833612782,0.0001,0.08846029469988569,0.44430249814194606,0.1656197354718959,0.5549233241646705
0.004641588833612782,0.00016155980984398745,0.08845993480065588,0.44430069360225716,0.16535511819016185,0.5540366989831648
0.004641588833612782,0.0002610157215682536,0.08845935842744053,0.44429779854550694,0.16493136000834902,0.5526168672799896
0.004641588833612782,0.00042169650342858224,0.08845843403691042,0.4442931556175105,0.16425634075730824,0.5503551499293543
0.004641588833612782,0.0006812920690579615,0.08845696106147811,0.44428576335724895,0.16318995000636632,0.5467821279428318
0.004641588833612782,0.0011006941712522103,0.08845463587233701,0.4442740787295717,0.16152675070112224,0.5412094269792659
0.004641588833612782,0.0017782794100389228,0.08845099721524492,0.44425580474383664,0.1589822769289272,0.5326839344234414
0.004641588833612782,0.0028729848333536655,0.08844540920294706,0.4442277383945886,0.1551966455838814,0.5199998735332577
0.004641588833612782,0.004641588833612782,0.08843703565536996,0.444185680115467,0.14977469405068933,0.5018331369007759
0.004641588833612782,0.007498942093324558,0.08842483770862845,0.4441244152973244,0.14237051368999998,0.47702478493493294
0.004641588833612782,0.012115276586285889,0.08840764513781751,0.4440380576585423,0.13278100141145507,0.4448942898954938
0.004641588833612782,0.019573417814876617,0.08838403366080844,0.4439194709154848,0.12094203875778756,0.40522681728952575
0.004641588833612782,0.03162277660168379,0.08835128838771683,0.44375500408587903,0.1065178540340785,0.35689732837559246
0.004641588833612782,0.051089697745069294,0.08829929603063061,0.44349386614883396,0.08712891937981686,0.2919330240699266
0.004641588833612782,0.0825404185268019,0.08822257237527265,0.4431085214712699,0.0638770664141663,0.2140256639928902
0.004641588833612782,0.1333521432163324,0.08814297159194223,0.4427087319804741,0.044189401063752076,0.14806043153104423
0.004641588833612782,0.21544346900318845,0.08807409553751881,0.44236277527061596,0.02962198512325357,0.0992510379849103
0.004641588833612782,0.3480700588428413,0.08802042547858349,0.44209321403022533,0.019442781094263152,0.06514472937936606
0.004641588833612782,0.5623413251903491,0.08798146534790668,0.44189756250218426,0.0125706725558074,0.04211913441485278
0.004641588833612782,0.9085175756516871,0.0879545163854281,0.4417622210491195,0.00803590222972457,0.026924991269461393
0.004641588833612782,1.4677992676220706,0.08793648888868406,0.44167165387672375,0.00509179433420074,0.017060500550097838
0.004641588833612782,2.371373705661655,0.08792469647804359,0.4416124623185623,0.0032041571274472286,0.01073580818052186
0.004641588833612782,3.8311868495572927,0.08791711396584584,0.4415744133165503,0.002005860436974935,0.006720810882751949
0.004641588833612782,6.18965818891261,0.08791229794281978,0.4415502644862848,0.0012510354339449162,0.004191703916209329
0.004641588833612782,10.0,0.0879092673465598,0.44153506711584967,0.0007782841036247511,0.002607709231447839
0.007498942093324558,0.0001,0.08416164778938486,0.422712027713029,0.16183688904091298,0.5422485715491536
0.007498942093324558,0.00016155980984398745,0.08416122589097257,0.42270990929253743,0.16157307072671884,0.5413646226148239
0.007498942093324558,0.0002610157215682536,0.08416055113984079,0.4227065132451226,0.16115072114767598,0.5399495063427409
0.007498942093324558,0.00042169650342858224,0.08415946859672642,0.4227010842808865,0.16047826506428953,0.5376963845463111
0.007498942093324558,0.0006812920690579615,0.08415774333876556,0.42269241760144416,0.1594167126035865,0.5341395565456792
0.007498942093324558,0.0011006941712522103,0.08415502999861096,0.42267878936754444,0.15776290355533817,0.528598328454466
0.007498942093324558,0.0017782794100389228,0.08415080872581288,0.422657588105335,0.155236903950366,0.5201347447297006
0.007498942093324558,0.0028729848333536655,0.08414437082773761,0.4226252529686914,0.1514870618115364,0.507570573812032
0.007498942093324558,0.004641588833612782,0.08413480366980744,0.4225772201536333,0.14613085318474406,0.48962398081213715
0.007498942093324558,0.007498942093324558,0.08412105842778955,0.4225081648668728,0.13883591269431853,0.46518180225755135
0.007498942093324558,0.012115276586285889,0.08410195323627384,0.4224122049335603,0.1294012836394215,0.4335702535492495
0.007498942093324558,0.019573417814876617,0.08407605877632668,0.42228214506495526,0.1177180974184252,0.3944247265592062
0.007498942093324558,0.03162277660168379,0.08404012167399727,0.4221016527352195,0.10321686915441977,0.3458371074172288
0.007498942093324558,0.051089697745069294,0.08398297662154758,0.4218146327189964,0.08329238485742503,0.279078388895308
0.007498942093324558,0.0825404185268019,0.08390569541879134,0.42142648814653594,0.06072775651966618,0.2034736310504293
0.007498942093324558,0.1333521432163324,0.08382993624316287,0.4210459899796871,0.042015790307215854,0.1407775598904264
0.007498942093324558,0.21544346900318845,0.08376633791619793,0.42072654269425197,0.028184791770077308,0.09443559685663022
0.007498942093324558,0.3480700588428413,0.08371771118511546,0.4204823122706236,0.01850903493527431,0.0620161320259365
0.007498942093324558,0.5623413251903491,0.08368283032279325,0.42030714918553297,0.011969723160940733,0.04010560094886016
0.007498942093324558,0.9085175756516871,0.08365888688185213,0.42018690104601464,0.007651685933813663,0.025637641130457516
0.007498942093324558,1.4677992676220706,0.0836429489408549,0.4201068301539986,0.004847611831046822,0.016242345924941427
0.007498942093324558,2.371373705661655,0.08363255696049607,0.42005467062046536,0.0030498789981923805,0.010218885911229767
0.007498942093324558,3.8311868495572927,0.0836258920610345,0.420021226421168,0.0019089101774516445,0.006395970513410177
0.007498942093324558,6.18965818891261,0.08362166467161113,0.42000003198586006,0.0011903827976263654,0.0039884818866256135
0.007498942093324558,10.0,0.08361900505035619,0.41998670001114635,0.0007404669884868427,0.0024809996622936546
0.012115276586285889,0.0001,0.07812287798469608,0.3923815788316772,0.1563063685450645,0.523718079605296
0.012115276586285889,0.00016155980984398745,0.07812254024826755,0.39237988255931017,0.1560443060012015,0.5228400166685161
0.012115276586285889,0.0002610157215682536,0.07812172896826784,0.3923758076511084,0.15562471098244285,0.5214341279324356
0.012115276586285889,0.00042169650342858224,0.0781204831023309,0.392369549774575,0.15495713906618555,0.5191973684312968
0.012115276586285889,0.0006812920690579615,0.07811864674616904,0.3923603269272224,0.15390453072133783,0.515670513468861
0.012115276586285889,0.0011006941712522103,0.0781157351689868,0.39234570342561315,0.1522672138650616,0.510184538325677
0.012115276586285889,0.0017782794100389228,0.07811117903318593,0.39232281937454744,0.1497720252956808,0.5018241948010913
0.012115276586285889,0.0028729848333536655,0.07810431929222778,0.392288365471805,0.14607918282498294,0.48945100482281373
0.012115276586285889,0.004641588833612782,0.07809424795476384,0.3922377808365747,0.14082319908858454,0.47184036683663044
0.012115276586285889,0.007498942093324558,0.07807964005281759,0.3921644113371174,0.13368771750277988,0.4479323215279972
0.012115276586285889,0.012115276586285889,0.07805971172309804,0.3920643169657006,0.12446472522973148,0.41702988435506244
0.012115276586285889,0.019573417814876617,0.07803280148017475,0.39192915707198084,0.11294662276707101,0.37843748058518223
0.012115276586285889,0.03162277660168379,0.0779945734629598,0.39173715215917815,0.09810790724552206,0.32871907423288094
0.012115276586285889,0.051089697745069294,0.07793409547006695,0.3914333941993909,0.07762877751811798,0.26010196886213743
0.012115276586285889,0.0825404185268019,0.07785932773917031,0.3910578741022778,0.05630807516814644,0.1886651020706731
0.012115276586285889,0.1333521432163324,0.07778851192266005,0.3907022055405732,0.03897795838666355,0.1305990385116099
0.012115276586285889,0.21544346900318845,0.07772994062298316,0.3904080085315491,0.026173045368852572,0.08769506522997317
0.012115276586285889,0.3480700588428413,0.07768542670676357,0.39018443505861755,0.0171994862324057,0.05762837510910235
0.012115276586285889,0.5623413251903491,0.07765375289972656,0.39002537699458023,0.01112574409299829,0.03727777531263841
0.012115276586285889,0.9085175756516871,0.07763206124543656,0.38991643876029974,0.00711168665991344,0.023828326450465686
0.012115276586285889,1.4677992676220706,0.07761762655444131,0.3898439198001981,0.004504348907187053,0.015092213422437743
0.012115276586285889,2.371373705661655,0.07760834425677111,0.38979733083447726,0.002833028037395353,0.009492307767634513
0.012115276586285889,3.8311868495572927,0.07760226035766034,0.3897668042681523,0.0017726701398468117,0.005939486367364317
0.012115276586285889,6.18965818891261,0.07759845453622247,0.38974772422946596,0.001105172080825739,0.0037029759564160963
0.012115276586285889,10.0,0.07759609573306699,0.3897358986677283,0.0006873493936511302,0.002303024496031357
0.019573417814876617,0.0001,0.0700151008589962,0.3516592902519218,0.14843409636783544,0.497341347423153
0.019573417814876617,0.00016155980984398745,0.0700145815559064,0.35165668189648525,0.14817504758055816,0.4964733818437406
0.019573417814876617,0.0002610157215682536,0.07001387595179223,0.3516531380518644,0.14776087604972876,0.4950856633820854
0.019573417814876617,0.00042169650342858224,0.0700126460078684,0.35164696033969944,0.14710238257838604,0.4928793247376823
0.019573417814876617,0.0006812920690579615,0.07001069650866273,0.3516371686980028,0.14606541165903544,0.4894048668251512
0.019573417814876617,0.0011006941712522103,0.07000765752527044,0.35162190521292686,0.14445579427452832,0.48401169987921683
0.019573417814876617,0.0017782794100389228,0.07000293638238025,0.35159819205644494,0.14200998364645945,0.4758168013935862
0.019573417814876617,0.0028729848333536655,0.06999589340608374,0.3515628181641604,0.13840385485777906,0.46373415056899614
0.019573417814876617,0.004641588833612782,0.06998555036956662,0.35151086919100144,0.13329203802042944,0.44660656488480066
0.019573417814876617,0.007498942093324558,0.0699709216653987,0.3514373947633615,0.12637015915433855,0.423414204606278
0.019573417814876617,0.012115276586285889,0.0699508554842524,0.3513366085134765,0.11738843568915755,0.3933201600118693
0.019573417814876617,0.019573417814876617,0.06992320580369549,0.35119773463737713,0.10588615553410571,0.3547807704948817
0.019573417814876617,0.03162277660168379,0.06988145694500945,0.3509880459370192,0.09009183088293927,0.30186051427473803
0.019573417814876617,0.051089697745069294,0.06982019577496429,0.3506803544716811,0.06969714521945404,0.23352634506306327
0.019573417814876617,0.0825404185268019,0.06975359107875596,0.3503458329351832,0.05038979099481053,0.16883537579076205
0.019573417814876617,0.1333521432163324,0.06969380968883915,0.35004558499962085,0.034923359170701704,0.11701375067779733
0.019573417814876617,0.21544346900318845,0.06964547166176864,0.34980278743908627,0.0234834853508831,0.07868346037273873
0.019573417814876617,0.3480700588428413,0.0696093046889345,0.3496211372299649,0.015445590475753893,0.05175179476318737
0.019573417814876617,0.5623413251903491,0.06958384377254676,0.34949328131657104,0.009994082043456514,0.03348604301264999
0.019573417814876617,0.9085175756516871,0.06956649708054875,0.34940616485969694,0.006387312088192458,0.021401246264674496
0.019573417814876617,1.4677992676220706,0.0695550287231067,0.34934854686708006,0.004043952350467378,0.013549614636190527
0.019573417814876617,2.371373705661655,0.06954755979807939,0.34931106206169665,0.0025423012657346707,0.008518202331673797
0.019573417814876617,3.8311868495572927,0.06954284464180438,0.34928740721712137,0.0015901170432760996,0.005327826251779587
0.019573417814876617,6.18965818891261,0.06953982965674729,0.3492722958637497,0.0009910480385174165,0.003320593347749983
0.019573417814876617,10.0,0.06953791337195232,0.3492626905130643,0.000616232686065204,0.0020647417220890545
0.03162277660168379,0.0001,0.060002495087594275,0.3013697697377667,0.1378532453165203,0.4618892860180218
0.03162277660168379,0.00016155980984398745,0.06000180748486587,0.3013663161230186,0.1375992590651059,0.46103828514148715
0.03162277660168379,0.0002610157215682536,0.060001086356078995,0.30136269439384816,0.1371937176400334,0.45967948103432565
0.03162277660168379,0.00042169650342858224,0.059999854217559566,0.3013565056303254,0.13654961456699227,0.4575213545457765
0.03162277660168379,0.0006812920690579615,0.05999796623654951,0.301347023016563,0.13553691935015008,0.454128233597275
0.03162277660168379,0.0011006941712522103,0.05999496619957843,0.30133195509036986,0.13396840175874744,0.44887277957520166
0.03162277660168379,0.0017782794100389228,0.059990333443784155,0.30130868668446364,0.13159205118752,0.44091061138504783
0.03162277660168379,0.0028729848333536655,0.05998345749515063,0.3012741514576812,0.12809982600323683,0.4292096069498668
0.03162277660168379,0.004641588833612782,0.059973398748795086,0.3012236299286071,0.12315961365939335,0.41265699676033607
0.03162277660168379,0.007498942093324558,0.059959195884375815,0.30115229447313313,0.11644477607022069,0.3901583476657056
0.03162277660168379,0.012115276586285889,0.059939310784328195,0.30105241798355353,0.10753226831583845,0.360296213046403
0.03162277660168379,0.019573417814876617,0.05991005610694013,0.3009054825185374,0.0953133172241789,0.31935555755063977
0.03162277660168379,0.03162277660168379,0.05986510920697601,0.3006797313332819,0.07832283513645508,0.26242746869090056
0.03162277660168379,0.051089697745069294,0.05980984209940789,0.3004021457483474,0.059666777400892934,0.19991872547682987
0.03162277660168379,0.0825404185268019,0.059754810778184446,0.30012575159905025,0.04311592988224337,0.14446367185570594
0.03162277660168379,0.1333521432163324,0.0597067865741805,0.2998845539989849,0.02994088789297756,0.1003195479146759
0.03162277660168379,0.21544346900318845,0.05966854265425696,0.29969245740453104,0.020167696522950827,0.06757362168542873
0.03162277660168379,0.3480700588428413,0.05964020489264396,0.29955012984749235,0.01327711726211928,0.04448613657492181
0.03162277660168379,0.5623413251903491,0.059620278230045426,0.2994500669615532,0.008592448694364482,0.028789748303988328
0.03162277660168379,0.9085175756516871,0.05960679001999264,0.29938232907305695,0.005489551592281526,0.018393221431481175
0.03162277660168379,1.4677992676220706,0.05959794713132436,0.29933790000896054,0.0034734512131546985,0.011638100881847583
0.03162277660168379,2.371373705661655,0.05959213133648387,0.2993087139910295,0.0021822594745285213,0.007311850882961143
0.03162277660168379,3.8311868495572927,0.05958840961133648,0.2992900448148065,0.0013641860764455039,0.004570824781942014
0.03162277660168379,6.18965818891261,0.059586147117139956,0.2992787084012253,0.0008498900832789281,0.002847631240954443
0.03162277660168379,10.0,0.05958468583495673,0.2992713856259193,0.0005283099747984096,0.001770148958405101
0.051089697745069294,0.0001,0.04875647115912451,0.24488525844567485,0.12443686894794134,0.41693654801631724
0.051089697745069294,0.00016155980984398745,0.04875601107114774,0.2448829473441499,0.1241889795214142,0.41610597542811995
0.051089697745069294,0.0002610157215682536,0.048755294961758955,0.24487935027373828,0.12379295497017107,0.41477906030954176
0.051089697745069294,0.00042169650342858224,0.04875419026326691,0.2448738018904554,0.12316439492545808,0.41267301470456064
0.051089697745069294,0.0006812920690579615,0.04875234305224482,0.24486452471924222,0.12217655908970027,0.4093631965271378
0.051089697745069294,0.0011006941712522103,0.048749489732703585,0.24485019281382014,0.12064741606535033,0.40423966047508686
0.051089697745069294,0.0017782794100389228,0.048745130526772054,0.24482829832577446,0.11833001934235302,0.39647501907336186
0.051089697745069294,0.0028729848333536655,0.048738632002306444,0.24479565879782683,0.11491311719875544,0.3850263909185256
0.051089697745069294,0.004641588833612782,0.04872897439924531,0.24474715219210438,0.11002059289511948,0.36863356454286306
0.051089697745069294,0.007498942093324558,0.048714902313929734,0.24467647347963545,0.10313483094824508,0.3455622197033985
0.051089697745069294,0.012115276586285889,0.04869368703792513,0.24456991622383578,0.09330465101582507,0.3126253395450606
0.051089697745069294,0.019573417814876617,0.048661828671422325,0.24440990374015417,0.0796309420757193,0.266810396454316
0.051089697745069294,0.03162277660168379,0.04862124695336001,0.24420607684152804,0.06375975229153696,0.21363259478986904
0.051089697745069294,0.051089697745069294,0.04857771829981737,0.24398744926200394,0.04835631860964702,0.16202205026645736
0.051089697745069294,0.0825404185268019,0.048536531132727004,0.24378058752201942,0.03500829681737527,0.11729834179984837
0.051089697745069294,0.1333521432163324,0.048501277294271956,0.24360352885501718,0.024373020070403727,0.08166392259132055
0.051089697745069294,0.21544346900318845,0.04847350739136923,0.24346404147075432,0.016447163458052052,0.055107651862501994
0.051089697745069294,0.3480700588428413,0.04845312705374597,0.24336168063146882,0.010836330693168156,0.03630806876412417
0.051089697745069294,0.5623413251903491,0.04843880875710666,0.2432897823524997,0.00701219260654838,0.023494962511089422
0.051089697745069294,0.9085175756516871,0.04842913928044279,0.24324122296670497,0.004477050518028611,0.015000748254719766
0.051089697745069294,1.4677992676220706,0.048422782559839894,0.24320928331857894,0.0028303838240880124,0.009483447546272169
0.051089697745069294,2.371373705661655,0.048418697028735205,0.24318878739406605,0.001776798158655309,0.005953317374301375
0.051089697745069294,3.8311868495572927,0.04841596225264297,0.24317506715399323,0.001109990438542568,0.003719120074991536
0.051089697745069294,6.18965818891261,0.04841435922454644,0.24316703661316894,0.0006911930263355066,0.0023159028635902487
0.051089697745069294,10.0,0.04841337503638418,0.24316210825512966,0.0004295186480942785,0.0014391399440088143
0.0825404185268019,0.0001,0.03742767566637991,0.18798501592273398,0.10805386772342512,0.36204387947083305
0.0825404185268019,0.00016155980984398745,0.03742723790492574,0.18798281728739594,0.10779714605648605,0.3611837123382923
0.0825404185268019,0.0002610157215682536,0.037426546174554334,0.18797934304636543,0.10738615444627718,0.35980664885670083
0.0825404185268019,0.00042169650342858224,0.03742544591451626,0.18797381680954522,0.10673153551811237,0.3576132909582277
0.0825404185268019,0.0006812920690579615,0.03742368111778789,0.1879649529660886,0.10569671067117851,0.3541460201931305
0.0825404185268019,0.0011006941712522103,0.03742090812682392,0.1879510251834998,0.10407805978477838,0.3487225902935216
0.0825404185268019,0.0017782794100389228,0.03741656396023221,0.18792920624726087,0.10157963693376605,0.3403514058852883
0.0825404185268019,0.0028729848333536655,0.03740982245244377,0.18789534610364592,0.09777956329096947,0.3276189283505462
0.0825404185268019,0.004641588833612782,0.03739944601946928,0.18784322924271926,0.09210145607778403,0.30859393771350097
0.0825404185268019,0.007498942093324558,0.03738390510334286,0.18776517321337594,0.08396496724509608,0.28133192435712406
0.0825404185268019,0.012115276586285889,0.03736245557746064,0.18765743948303024,0.07338539599213009,0.24588415040851622
0.0825404185268019,0.019573417814876617,0.037336061474526436,0.1875248719084363,0.06125709177764066,0.20524721229091616
0.0825404185268019,0.03162277660168379,0.037306766699070584,0.18737773516672732,0.048781970347859256,0.16344823302976302
0.0825404185268019,0.051089697745069294,0.03727714438448733,0.18722895376536489,0.037054972583746404,0.12415590758341793
0.0825404185268019,0.0825404185268019,0.03724977854360041,0.18709151006144362,0.02690991626066594,0.09016401388047553
0.0825404185268019,0.1333521432163324,0.03722666885954318,0.186975444851023,0.018784588863429624,0.06293939803089445
0.0825404185268019,0.21544346900318845,0.03720864198565305,0.18688489523454266,0.01269548462394353,0.04253732557354872
0.0825404185268019,0.3480700588428413,0.03719541904820555,0.1868184829263929,0.008367496424583513,0.02803602479616178
0.0825404185268019,0.5623413251903491,0.0371862216016861,0.18677230089372135,0.005411747937310244,0.018132533154435648
0.0825404185268019,0.9085175756516871,0.03717997665842035,0.1867409400054366,0.0034517965187611495,0.011565545286956186
0.0825404185268019,1.4677992676220706,0.037175984496185546,0.18672088002541243,0.002179875907488338,0.007303864145267084
0.0825404185268019,2.371373705661655,0.037173369694532964,0.1867077618900215,0.0013671525620751396,0.004580764005728303
0.0825404185268019,3.8311868495572927,0.03717172139132366,0.18669949802366942,0.0008534666284844376,0.0028596145967018194
0.0825404185268019,6.18965818891261,0.03717070034960977,0.18669438669639613,0.0005311836863897308,0.0017797775165876595
0.0825404185268019,10.0,0.037170022923073726,0.18669099447955184,0.0003299720410496905,0.001105600296780273
0.1333521432163324,0.0001,0.027206808761933536,0.13664947901881144,0.08608352026979393,0.2884303204389292
0.1333521432163324,0.00016155980984398745,0.027206330581250052,0.13664707732287182,0.08576516905434564,0.28736365694527927
0.1333521432163324,0.0002610157215682536,0.027205563372309297,0.1366432239334426,0.08525657687516033,0.2856595741544674
0.1333521432163324,0.00042169650342858224,0.027204348161518555,0.13663712037792802,0.08444971211850823,0.28295610409832006
0.1333521432163324,0.0006812920690579615,0.02720241630376683,0.13662741738127077,0.08318401006421475,0.27871525938692554
0.1333521432163324,0.0011006941712522103,0.027199418176446246,0.13661235885758727,0.08123449915723066,0.2721832549411478
0.1333521432163324,0.0017782794100389228,0.027194860714145355,0.13658946854584933,0.07831730992277539,0.26240895691688265
0.1333521432163324,0.0028729848333536655,0.02718818799687863,0.13655595399394443,0.07413871376316176,0.24840820757845472
0.1333521432163324,0.004641588833612782,0.027178910515088545,0.13650935675545275,0.06850366005147601,0.2295274695626003
0.1333521432163324,0.007498942093324558,0.027166815762953683,0.13644860938678446,0.06143903226604362,0.20585682039546546
0.1333521432163324,0.012115276586285889,0.02715208891676262,0.13637464142595368,0.05323109127243592,0.1783553998592257
0.1333521432163324,0.019573417814876617,0.027135320123487718,0.13629041814797033,0.04435527765756297,0.14861621472328743
0.1333521432163324,0.03162277660168379,0.027117461435667418,0.1362007207007719,0.03539439076423707,0.11859198361674766
0.1333521432163324,0.051089697745069294,0.027099802600288693,0.13611202709947195,0.026975435872624187,0.09038354337511216
0.1333521432163324,0.0825404185268019,0.02708372302410254,0.13603126887003722,0.01965109643610951,0.06584270710150104
0.1333521432163324,0.1333521432163324,0.027070261567282317,0.13596366141921656,0.013746409982523949,0.04605854174519988
0.1333521432163324,0.21544346900318845,0.02705979190479989,0.13591107086651416,0.009298094747338798,0.031154075295167675
0.1333521432163324,0.3480700588428413,0.027052213813171862,0.13587300970188382,0.006126438991215124,0.020527166848371196
0.1333521432163324,0.5623413251903491,0.027046938770308573,0.13584652489793195,0.0039582843622529085,0.01326257675756009
0.1333521432163324,0.9085175756516871,0.02704341276456288,0.1358288188821593,0.002521513864625228,0.008448552123438162
0.1333521432163324,1.4677992676220706,0.027041105659663958,0.135817224738794,0.0015904761028293164,0.005329028735668869
0.1333521432163324,2.371373705661655,0.027039627895402887,0.13580981369257497,0.000996538295315951,0.0033389885544107445
0.1333521432163324,3.8311868495572927,0.027038688070746362,0.1358051041344803,0.0006216666173818619,0.0020829483801533513
0.1333521432163324,6.18965818891261,0.02703810130558412,0.13580216925508196,0.0003867276210618104,0.0012957648024011325
0.1333521432163324,10.0,0.02703770732015693,0.13580019792745496,0.00024015875015056723,0.0008046729784411264
0.21544346900318845,0.0001,0.01887328957989777,0.09479337364567081,0.060590404785565245,0.2030134200621603
0.21544346900318845,0.00016155980984398745,0.01887295112402837,0.09479167371168652,0.06032736251470851,0.2021320740341868
0.21544346900318845,0.0002610157215682536,0.01887241361389127,0.0947889740014144,0.05990992738730415,0.20073342139598044
0.21544346900318845,0.00042169650342858224,0.01887156666653303,0.09478472011535566,0.059254411192552155,0.1985370575959102
0.21544346900318845,0.0006812920690579615,0.018870251934166884,0.09477811669863279,0.05824162164677385,0.19514361801578708
0.21544346900318845,0.0011006941712522103,0.018868254059146362,0.09476808213583338,0.05671462985355208,0.19002729938589782
0.21544346900318845,0.0017782794100389228,0.0188653131373636,0.09475331102488824,0.05449223611565509,0.1825809756871814
0.21544346900318845,0.0028729848333536655,0.01886116728562685,0.09473248796058964,0.051409193576529406,0.1722509735967854
0.21544346900318845,0.004641588833612782,0.01885563328276925,0.09470469276781787,0.047380205951513606,0.15875150025307683
0.21544346900318845,0.007498942093324558,0.018848681448128072,0.0946697763662698,0.042454239206334496,0.14224662021979423
0.21544346900318845,0.012115276586285889,0.018840474089141766,0.09462855350140133,0.03681707046977725,0.1233587960147223
0.21544346900318845,0.019573417814876617,0.01883133562121732,0.0945826544847322,0.030752621356294647,0.10303933187885853
0.21544346900318845,0.03162277660168379,0.0188217560161949,0.09453453972342914,0.02461705187974523,0.08248157277746608
0.21544346900318845,0.051089697745069294,0.018812388136996587,0.09448748830615415,0.01881857486977618,0.0630532713020118
0.21544346900318845,0.0825404185268019,0.018803925103555143,0.09444498413770767,0.013739811750239772,0.04603643382950936
0.21544346900318845,0.1333521432163324,0.01879688300679673,0.09440961740242675,0.009621683815739333,0.032238288116809594
0.21544346900318845,0.21544346900318845,0.018791450901364724,0.09438233019625607,0.006507421384680969,0.02180368140833276
0.21544346900318845,0.3480700588428413,0.018787512993312026,0.09436255231303883,0.0042834809688936295,0.014352175668827306
0.21544346900318845,0.5623413251903491,0.01878479420035233,0.09434890351304774,0.0027637140475693183,0.009260064806982346
0.21544346900318845,0.9085175756516871,0.018782980405264188,0.09433979607883536,0.0017580964190841556,0.005890655398560307
0.21544346900318845,1.4677992676220706,0.01878180750108515,0.09433390185715355,0.001107645550577184,0.0037112629487451717
0.21544346900318845,2.371373705661655,0.01878105137236312,0.0943301105532839,0.0006934029020175098,0.002323306956340045
0.21544346900318845,3.8311868495572927,0.018780574983431764,0.09432772522362924,0.00043229645875858964,0.0014484471004138518
0.21544346900318845,6.18965818891261,0.01878027539500874,0.09432622911635263,0.00026881294896855115,0.0009006813542555845
0.21544346900318845,10.0,0.018780089036465917,0.09432529833807217,0.00016688887893275188,0.0005591758422962014
0.3480700588428413,0.0001,0.012631286584550446,0.06344216061388834,0.04052594193386916,0.1357856925347074
0.3480700588428413,0.00016155980984398745,0.012631106384468153,0.06344125553544201,0.040346814067649055,0.135185509021373
0.3480700588428413,0.0002610157215682536,0.012630820225409671,0.06343981827414186,0.0400628702713641,0.13423413066605783
0.3480700588428413,0.00042169650342858224,0.012630371206041118,0.06343756303656864,0.03961775743472655,0.13274274150361232
0.3480700588428413,0.0006812920690579615,0.012629675702678131,0.06343406976244155,0.03893181962814182,0.13044444714703943
0.3480700588428413,0.0011006941712522103,0.012628626242199478,0.0634287987236051,0.03790137838836494,0.12699186411643876
0.3480700588428413,0.0017782794100389228,0.012627094988818638,0.06342110782736365,0.03640878052906958,0.12199078524938858
0.3480700588428413,0.0028729848333536655,0.012624960256361171,0.0634103858684721,0.03434962927871244,0.11509141991962746
0.3480700588428413,0.004641588833612782,0.01262214729799387,0.06339625744626896,0.03167334578520029,0.10612429933786023
0.3480700588428413,0.007498942093324558,0.01261866120609735,0.06337874813566721,0.02841417059071765,0.09520414947583
0.3480700588428413,0.012115276586285889,0.012614596710617227,0.06335833345765894,0.02468845276581365,0.0827208076768384
0.3480700588428413,0.019573417814876617,0.012610115459489556,0.06333582582140083,0.02067108961402326,0.06926028309115977
0.3480700588428413,0.03162277660168379,0.01260545247173709,0.06331240540650436,0.016586717674409536,0.05557523976826692
0.3480700588428413,0.051089697745069294,0.012600919264772043,0.06328963684472955,0.012703908929087718,0.042565551475180166
0.3480700588428413,0.0825404185268019,0.012596859704116878,0.06326924879455516,0.00928465914899187,0.031109057708661996
0.3480700588428413,0.1333521432163324,0.012593478085683214,0.06325226619674165,0.006501509726610347,0.02178387357243583
0.3480700588428413,0.21544346900318845,0.01259088304205896,0.06323922976272009,0.004393062824087168,0.014719339162495649
0.3480700588428413,0.3480700588428413,0.012589011649006096,0.06322983096526281,0.0028876040959416125,0.009675168762903938
0.3480700588428413,0.5623413251903491,0.01258772742137099,0.06322338519323667,0.0018602928862251574,0.006233073461102967
0.3480700588428413,0.9085175756516871,0.012586875176735013,0.06321910644324578,0.0011818490640044168,0.003959888373533823
0.3480700588428413,1.4677992676220706,0.01258632417117038,0.06321633592201209,0.000743841976135063,0.002492307341714905
0.3480700588428413,2.371373705661655,0.012585969722974754,0.06321456084055534,0.00046532037912780133,0.0015590965521215924
0.3480700588428413,3.8311868495572927,0.012585749016586704,0.06321345733570438,0.00028995848450848996,0.000971531266550254
0.3480700588428413,6.18965818891261,0.01258560927458224,0.06321276120786176,0.00018024583097433323,0.0006039294605569028
0.3480700588428413,10.0,0.012585519653397981,0.06321231457686824,0.00011188017374804184,0.0003748643456105511
0.5623413251903491,0.0001,0.008242587576879994,0.04139939042867369,0.02652519062279573,0.08887495774062959
0.5623413251903491,0.00016155980984398745,0.008242503511711444,0.041398968202376034,0.026407773459235163,0.08848154129512083
0.5623413251903491,0.0002610157215682536,0.008242366719028237,0.04139828114127541,0.026221720801763153,0.08785815576072621
0.5623413251903491,0.00042169650342858224,0.008242154005372225,0.04139721275884244,0.025930246385352823,0.0868815453710768
0.5623413251903491,0.0006812920690579615,0.00824182384611559,0.04139555449927818,0.025481480742422645,0.08537791702834037
0.5623413251903491,0.0011006941712522103,0.008241328921655756,0.04139306868013327,0.02480820484019624,0.08312204762225105
0.5623413251903491,0.0017782794100389228,0.008240608142898051,0.04138944848112494,0.023834602514495876,0.07985990837824598
0.5623413251903491,0.0028729848333536655,0.008239610109064332,0.04138443574787405,0.022494019202603813,0.07536816740825608
0.5623413251903491,0.004641588833612782,0.008238303791125518,0.04137787459908791,0.020754619512018235,0.06954015747948082
0.5623413251903491,0.007498942093324558,0.008236695973647594,0.0413697991475175,0.01863796049818304,0.06244810743632376
0.5623413251903491,0.012115276586285889,0.00823483305095492,0.041360442210799875,0.01621604256881691,0.05433326060212735
0.5623413251903491,0.019573417814876617,0.008232789560214854,0.04135017852207248,0.013597209801478383,0.04555863371821007
0.5623413251903491,0.03162277660168379,0.008230672250438258,0.041339544092302505,0.010923950429510576,0.03660164575934305
0.5623413251903491,0.051089697745069294,0.00822862541886423,0.0413292636400125,0.008372131690439384,0.028051555192557708
0.5623413251903491,0.0825404185268019,0.008226787181846216,0.04132003190676057,0.006117857785388419,0.020498414402245913
0.5623413251903491,0.1333521432163324,0.008225273787481079,0.041312431999048424,0.004280100947486709,0.014340850342275164
0.5623413251903491,0.21544346900318845,0.008224117355110958,0.04130662203839269,0.0028880272383524845,0.009676586481047638
0.5623413251903491,0.3480700588428413,0.008223286292724992,0.04130244825072602,0.0018954347405530196,0.006350819010437816
0.5623413251903491,0.5623413251903491,0.008222717582484664,0.041299594741097456,0.0012194260253545757,0.004085793185888133
0.5623413251903491,0.9085175756516871,0.008222343483400812,0.041297716920065154,0.000773861164661379,0.002592889331294163
0.5623413251903491,1.4677992676220706,0.008222099066620388,0.04129648732115444,0.00048667347687331267,0.001630641881285024
0.5623413251903491,2.371373705661655,0.008221948473378581,0.04129573432221033,0.0003042799870650067,0.0010195166600599234
0.5623413251903491,3.8311868495572927,0.008221847857624068,0.04129523225571056,0.000189540067533621,0.000635070576634879
0.5623413251903491,6.18965818891261,0.008221786329316937,0.041294926979450114,0.00011779582563659791,0.00039468524209749275
0.5623413251903491,10.0,0.008221748009140297,0.04129473679343848,7.310617325087257e-05,0.00024494865241074634
0.9085175756516871,0.0001,0.005291092378741174,0.026575149750215233,0.01715462741839449,0.05747807092081065
0.9085175756516871,0.00016155980984398745,0.005291051032051571,0.026574942063328937,0.017078619414928983,0.05722339950768551
0.9085175756516871,0.0002610157215682536,0.0052909978416391884,0.026574674925753237,0.016958230526805926,0.056820026047737976
0.9085175756516871,0.00042169650342858224,0.005290902434011843,0.02657419573004576,0.016769666390337418,0.05618822551457987
0.9085175756516871,0.0006812920690579615,0.005290756480165388,0.026573462658095116,0.01647948973857833,0.05521596340372104
0.9085175756516871,0.0011006941712522103,0.005290536530218945,0.026572357933305684,0.01604443496608226,0.05375827454855218
0.9085175756516871,0.0017782794100389228,0.005290218299457756,0.02657075957845213,0.015415868533846872,0.051652208073731325
0.9085175756516871,0.0028729848333536655,0.005289777470489864,0.026568545461822676,0.014551207227896061,0.04875508516857288
0.9085175756516871,0.004641588833612782,0.005289203918273136,0.026565664725339774,0.013430198780889049,0.04499904888462673
0.9085175756516871,0.007498942093324558,0.005288500315272945,0.02656213080336627,0.01206629360817061,0.040429166016787234
0.9085175756516871,0.012115276586285889,0.005287688338679336,0.026558052440816184,0.010504388798041752,0.035195868010344834
0.9085175756516871,0.019573417814876617,0.005286800770013039,0.02655359451659725,0.008812353186870594,0.029526555582410813
0.9085175756516871,0.03162277660168379,0.005285884604544433,0.02654899296643022,0.007081097344844853,0.023725832358308
0.9085175756516871,0.051089697745069294,0.005284999603771569,0.02654454794762189,0.005425158781793365,0.018177466212214406
0.9085175756516871,0.0825404185268019,0.005284209752422632,0.026540581500400052,0.003960838428864547,0.013271133517005273
0.9085175756516871,0.1333521432163324,0.005283561597644805,0.02653732688813958,0.0027673941146796163,0.00927239457513271
0.9085175756516871,0.21544346900318845,0.005283068872210295,0.026534851051709073,0.0018645831173877514,0.006247447929661787
0.9085175756516871,0.3480700588428413,0.005282716971284702,0.026533084205423423,0.0012220754113991985,0.004094670135584201
0.9085175756516871,0.5623413251903491,0.005282475927867458,0.02653187500808158,0.0007853488439049892,0.0026313797545795986
0.9085175756516871,0.9085175756516871,0.005282317547200177,0.02653108021170021,0.0004979802874610125,0.0016685263865915127
0.9085175756516871,1.4677992676220706,0.00528221556046949,0.026530566716989033,0.0003129950571142962,0.0010487172068702286
0.9085175756516871,2.371373705661655,0.005282150228385036,0.02653024076399584,0.00019561694719242724,0.0006554316587748345
0.9085175756516871,3.8311868495572927,0.005282108948452734,0.026530035630539066,0.00012182212496126994,0.0004081756898159694
0.9085175756516871,6.18965818891261,0.00528208116145086,0.02652989837824124,7.569827064425033e-05,0.0002536336931424419
0.9085175756516871,10.0,0.005282065350720434,0.026529820435400368,4.69749873211187e-05,0.00015739381959635148
1.4677992676220706,0.0001,0.0033646726994759012,0.0168994745224343,0.011016940595838402,0.036913217482929396
1.4677992676220706,0.00016155980984398745,0.0033646573843332775,0.016899397602399148,0.010967982715711677,0.03674917984045145
1.4677992676220706,0.0002610157215682536,0.003364630439058288,0.01689926226400479,0.010890431443732154,0.03648933757203334
1.4677992676220706,0.00042169650342858224,0.003364589798985592,0.016899058144048264,0.010769004778560892,0.036082486969866136
1.4677992676220706,0.0006812920690579615,0.0033645271228921764,0.0168987433456019,0.010582201963447712,0.03545658789460295
1.4677992676220706,0.0011006941712522103,0.003364434010221009,0.01689827567711179,0.010302260634930348,0.034518620128101384
1.4677992676220706,0.0017782794100389228,0.003364296906757511,0.01689758705809847,0.009898034156607814,0.033164224161943014
1.4677992676220706,0.0028729848333536655,0.0033641108621719935,0.016896652626613273,0.009342356225198233,0.031302376929424336
1.4677992676220706,0.004641588833612782,0.0033638660685009476,0.016895423121080968,0.008622365975227319,0.028889986994716215
1.4677992676220706,0.007498942093324558,0.003363568374063595,0.016893927915167355,0.007746634083254083,0.025955771147496927
1.4677992676220706,0.012115276586285889,0.0033632256865035338,0.016892206650794064,0.0067435535246014,0.022594862429435845
1.4677992676220706,0.019573417814876617,0.0033628517513023173,0.016890328521242937,0.005656159023301466,0.018951452609775356
1.4677992676220706,0.03162277660168379,0.0033624667826067413,0.01688839496786771,0.004542719168439689,0.015220775563002215
1.4677992676220706,0.051089697745069294,0.003362095920829876,0.01688653227235158,0.003477397550910335,0.011651322853852689
1.4677992676220706,0.0825404185268019,0.0033617674499940835,0.01688488294264707,0.0025358167419612903,0.008496474464089724
1.4677992676220706,0.1333521432163324,0.003361497430757962,0.016883527242385864,0.0017693973477249936,0.005928519644201779
1.4677992676220706,0.21544346900318845,0.0033612937025916567,0.016882503315272766,0.0011906475891951145,0.003989368318731228
1.4677992676220706,0.3480700588428413,0.003361148052176338,0.01688177190865518,0.0007795311411511806,0.002611886911562957
1.4677992676220706,0.5623413251903491,0.0033610490474529136,0.016881275816462395,0.0005005441156343391,0.001677116686866573
1.4677992676220706,0.9085175756516871,0.003360983850230453,0.016880948826047387,0.00031720419893201926,0.0010628203359390248
1.4677992676220706,1.4677992676220706,0.0033609423839865028,0.01688073975190112,0.00019929345514079025,0.0006677500831420169
1.4677992676220706,2.371373705661655,0.0033609152836910185,0.016880605017576843,0.00012452305684661937,0.0004172253727959608
1.4677992676220706,3.8311868495572927,0.0033609005171111915,0.016880532194431218,7.753499135237056e-05,0.00025978777105421607
1.4677992676220706,6.18965818891261,0.0033608875781057806,0.016880468741085255,4.817390009551012e-05,0.0001614108761555791
1.4677992676220706,10.0,0.003360880882568601,0.016880436042925495,2.9892612668155573e-05,0.00010015782342283812
2.371373705661655,0.0001,0.0021316313283964656,0.010706375490981036,0.007050250154142136,0.02362247621946617
2.371373705661655,0.00016155980984398745,0.0021316238202749305,0.010706337780117935,0.007018757688667318,0.023516957978181607
2.371373705661655,0.0002610157215682536,0.002131613779758326,0.01070628735080632,0.006968884633924637,0.023349853972564148
2.371373705661655,0.00042169650342858224,0.0021315964855178507,0.010706200487662082,0.006890803327835789,0.023088235765560936
2.371373705661655,0.0006812920690579615,0.0021315704642147684,0.010706069792946032,0.006770714723829004,0.022685868455653364
2.371373705661655,0.0011006941712522103,0.002131530801070178,0.010705870580282755,0.006590814165275002,0.022083095991464186
2.371373705661655,0.0017782794100389228,0.0021314735399591963,0.010705582977806593,0.006331174683231763,0.02121315133160417
2.371373705661655,0.0028729848333536655,0.0021313953888845833,0.010705190458813917,0.005974473114373408,0.020017991691945822
2.371373705661655,0.004641588833612782,0.002131294535711928,0.01070468390910656,0.0055126034440855926,0.018470457210388577
2.371373705661655,0.007498942093324558,0.002131171142741971,0.010704064155188304,0.00495114493329421,0.01658924165475296
2.371373705661655,0.012115276586285889,0.002131028305011381,0.010703346687431501,0.004308280529497377,0.01443526851570781
2.371373705661655,0.019573417814876617,0.002130873926932786,0.010702571307905752,0.003611542890312936,0.0121007884772293
2.371373705661655,0.03162277660168379,0.0021307150229727895,0.010701773192040638,0.002898348900686921,0.009711170001565407
2.371373705661655,0.051089697745069294,0.002130562411276652,0.010701006682234549,0.0022164565246803086,0.007426430307865725
2.371373705661655,0.0825404185268019,0.002130427242803047,0.01070032812896646,0.001614488929803423,0.005409485521635892
2.371373705661655,0.1333521432163324,0.002130317112981732,0.010699775247441135,0.0011252731463715702,0.0037703255073945167
2.371373705661655,0.21544346900318845,0.002130233960680177,0.01069935717763732,0.0007564668921123383,0.002534608125212782
2.371373705661655,0.3480700588428413,0.0021301752388979116,0.010699062321305377,0.0004948834123180762,0.0016581499295405223
2.371373705661655,0.5623413251903491,0.00213013459272716,0.010698858927048308,0.00031758857676219887,0.0010641082077465832
2.371373705661655,0.9085175756516871,0.0021301088401076947,0.010698729869339325,0.00020118288503145074,0.0006740808037525717
2.371373705661655,1.4677992676220706,0.0021300908571992372,0.010698639040669995,0.00012636638590150123,0.00042340158451672664
2.371373705661655,2.371373705661655,0.0021300803362864387,0.010698587071353733,7.89432580538466e-05,0.00026450627779219383
2.371373705661655,3.8311868495572927,0.0021300734262986146,0.010698553217682812,4.9149150932204906e-05,0.000164678529564027
2.371373705661655,6.18965818891261,0.0021300701236673623,0.010698537601207278,3.053522762963281e-05,0.00010231095748331414
2.371373705661655,10.0,0.0021300662599729433,0.010698518790443838,1.894674374842915e-05,6.348272851972018e-05
3.8311868495572927,0.0001,0.0013521958087022105,0.006791566567687037,0.0045118354236913065,0.01511729692705841
3.8311868495572927,0.00016155980984398745,0.0013521929209341036,0.006791552063597333,0.004491563601031465,0.015049374427440672
3.8311868495572927,0.0002610157215682536,0.0013521883954418488,0.006791529333871896,0.004459460720554203,0.014941810933416084
3.8311868495572927,0.00042169650342858224,0.0013521814952631498,0.006791494676832312,0.004409210023474798,0.014773441602658283
3.8311868495572927,0.0006812920690579615,0.0013521705239328157,0.006791439572137289,0.004331941089172963,0.014514545320285253
3.8311868495572927,0.0011006941712522103,0.0013521541047643096,0.006791357104677354,0.004216225468021423,0.014126830069622022
3.8311868495572927,0.0017782794100389228,0.0013521305874094427,0.006791238985467522,0.004049297059039969,0.01356752191431978
3.8311868495572927,0.0028729848333536655,0.0013520981129916886,0.00679107587984931,0.0038201010716535783,0.012799580832898122
3.8311868495572927,0.004641588833612782,0.0013520560353658994,0.006790864544698068,0.00352353913432751,0.011805924316237318
3.8311868495572927,0.007498942093324558,0.001352004998536581,0.006790608204528779,0.0031633016160595682,0.010598917148732947
3.8311868495572927,0.012115276586285889,0.0013519463139652855,0.006790313609513837,0.00275113004359387,0.009217899701765054
3.8311868495572927,0.019573417814876617,0.001351882826264216,0.006789994545186306,0.002304733706479558,0.007722210673095989
3.8311868495572927,0.03162277660168379,0.0013518173834242957,0.0067896658580050406,0.0018481699055215677,0.0061924539673417454
3.8311868495572927,0.051089697745069294,0.001351754878754911,0.006789351916042028,0.001412108393814515,0.004731391955800882
3.8311868495572927,0.0825404185268019,0.0013516994354941486,0.006789073678094263,0.001027659543309369,0.003443262643975214
3.8311868495572927,0.1333521432163324,0.0013516546833232945,0.006788849057303832,0.0007156614096424834,0.00239788577200949
3.8311868495572927,0.21544346900318845,0.0013516209922736064,0.006788679569730924,0.0004807688986189377,0.0016108580156732845
3.8311868495572927,0.3480700588428413,0.0013515971262389394,0.006788559749760122,0.0003143535815025783,0.0010532690227738678
3.8311868495572927,0.5623413251903491,0.0013515806796035143,0.00678847762419443,0.00020165829392556036,0.0006756736906826445
3.8311868495572927,0.9085175756516871,0.0013515696754793013,0.006788422540576119,0.00012771166034751205,0.00042790905734611475
3.8311868495572927,1.4677992676220706,0.0013515631781615017,0.006788389582329159,8.020440675762996e-05,0.00026873185190808593
3.8311868495572927,2.371373705661655,0.0013515586964834726,0.006788367632370888,5.009964072769429e-05,0.00016786321995607492
3.8311868495572927,3.8311868495572927,0.0013515558655799466,0.006788353948525165,3.118931201797492e-05,0.0001045025182433375
3.8311868495572927,6.18965818891261,0.0013515540960739158,0.006788345678275373,1.9376352338920293e-05,6.492216741690847e-05
3.8311868495572927,10.0,0.001351552893051965,0.006788340011032796,1.2022477294308366e-05,4.028236579265187e-05
6.18965818891261,0.0001,0.0008633444990178594,0.004336251893135759,0.002900634473286366,0.009718828036312363
6.18965818891261,0.00016155980984398745,0.000863343791998148,0.004336248370505365,0.0028875310633720793,0.009674924070390474
6.18965818891261,0.0002610157215682536,0.0008633419215338507,0.004336238947487202,0.002866780128713767,0.009605396113759284
6.18965818891261,0.00042169650342858224,0.0008633389664341524,0.0043362241057796555,0.0028343023505812337,0.009496576493931624
6.18965818891261,0.0006812920690579615,0.000863334413067269,0.004336201235597207,0.002784371768016587,0.00932927973230331
6.18965818891261,0.0011006941712522103,0.0008633276035641526,0.004336167034314018,0.0027096189800309665,0.009078814018296117
6.18965818891261,0.0017782794100389228,0.0008633177670802271,0.004336117629257987,0.00260182595476612,0.008717644114080979
6.18965818891261,0.0028729848333536655,0.0008633040219831946,0.004336048592926701,0.0024539038420242406,0.008222018212449507
6.18965818891261,0.004641588833612782,0.0008632867771408732,0.004335961979036764,0.002262633476737563,0.007581150220913121
6.18965818891261,0.007498942093324558,0.0008632655560514239,0.004335855393762363,0.0020304686182965517,0.006803261677402836
6.18965818891261,0.012115276586285889,0.0008632426115605383,0.004335740133171581,0.001765044678117141,0.005913935663583919
6.18965818891261,0.019573417814876617,0.0008632147243404554,0.004335600059747303,0.0014778104393542546,0.004951532367279171
6.18965818891261,0.03162277660168379,0.0008631879404414172,0.004335465541735538,0.0011843008043132168,0.003968102819866219
6.18965818891261,0.051089697745069294,0.0008631618761591306,0.004335334628943514,0.0009042567936661402,0.0030297910122291842
6.18965818891261,0.0825404185268019,0.0008631394537704694,0.004335222172372457,0.000657633687744573,0.002203458844891875
6.18965818891261,0.1333521432163324,0.0008631209468216818,0.004335129304555574,0.00045770636960950034,0.001533584984063582
6.18965818891261,0.21544346900318845,0.000863105655511923,0.004335052329755794,0.0003073334562532355,0.001029747479452151
6.18965818891261,0.3480700588428413,0.0008630974292745937,0.004335011045452464,0.00020088167211940994,0.0006730715201349659
6.18965818891261,0.5623413251903491,0.000863090555199341,0.004334976823454092,0.00012883427664182474,0.0004316704733401964
6.18965818891261,0.9085175756516871,0.0008630882051243395,0.004334965139198499,8.15784712985869e-05,0.0002733357835579857
6.18965818891261,1.4677992676220706,0.0008630833789032977,0.00433494069167579,5.122661132965338e-05,0.00017163922393810972
6.18965818891261,2.371373705661655,0.0008630817497755205,0.004334932863485633,3.1996493590926205e-05,0.00010720704508556762
6.18965818891261,3.8311868495572927,0.0008630803551732752,0.004334926201388482,1.9918410725122287e-05,6.673837755106982e-05
6.18965818891261,6.18965818891261,0.0008630795420718902,0.004334922514228735,1.237397099142037e-05,4.146007475299055e-05
6.18965818891261,10.0,0.0008630793818937214,0.004334921949565521,7.677571604914859e-06,2.5724377779940858e-05
10.0,0.0001,0.0005582124603486414,0.002803689420545435,0.001884871192115438,0.006315424838920171
10.0,0.00016155980984398745,0.0005582119664664258,0.0028036869402039053,0.0018763174505764418,0.006286764780854262
10.0,0.0002610157215682536,0.000558211149496891,0.0028036828366897375,0.0018627731913799421,0.006241383562774126
10.0,0.00042169650342858224,0.0005582098907566735,0.00280367651461253,0.0018415772599690275,0.006170364750665669
10.0,0.0006812920690579615,0.0005582079368097707,0.0028036667005981097,0.001808996171744329,0.006061198982566077
10.0,0.0011006941712522103,0.0005582050644469737,0.0028036522737089594,0.0017602292220777588,0.005897801076352011
10.0,0.0017782794100389228,0.0005582017093801111,0.002803635420461609,0.0016899325687005384,0.005662266025056655
10.0,0.0028729848333536655,0.0005581942801054356,0.002803598107473375,0.001593502882998137,0.005339169979013417
10.0,0.004641588833612782,0.0005581882059480967,0.002803567600001269,0.0014688913646653669,0.0049216482513405645
10.0,0.007498942093324558,0.0005581787541579288,0.002803520127511715,0.0013177296947364618,0.0044151679327483154
10.0,0.012115276586285889,0.0005581685224054762,0.002803468725168306,0.0011450314138450007,0.003836527311447557
10.0,0.019573417814876617,0.0005581574818742856,0.002803413272025225,0.0009582794058498052,0.003210798470839919
10.0,0.03162277660168379,0.0005581459744725488,0.002803355475762848,0.000767590353416213,0.002571878221025194
10.0,0.051089697745069294,0.0005581349904592919,0.0028033003083799157,0.0005857984262828927,0.0019627685613771953
10.0,0.0825404185268019,0.0005581255329359536,0.002803252854735187,0.00042583495656090496,0.0014267970452463
10.0,0.1333521432163324,0.0005581177675050453,0.002803213960248687,0.0002962602046200233,0.0009926455722484634
10.0,0.21544346900318845,0.0005581124403932281,0.0028031870941869538,0.00019886710439114284,0.0006663215321761054
10.0,0.3480700588428413,0.0005581080401954584,0.0028031650165344438,0.00012995538613133894,0.00043542682804095263
10.0,0.5623413251903491,0.0005581051605832952,0.0028031507488533876,8.333310217301115e-05,0.000279214822177097
10.0,0.9085175756516871,0.0005581033262811788,0.0028031416133671386,5.276130559820458e-05,0.00017678135643035462
10.0,1.4677992676220706,0.0005581020030875372,0.0028031348317503956,3.312891288111128e-05,0.00011100130867437042
10.0,2.371373705661655,0.0005581011957951426,0.002803131008517234,2.0691651648770073e-05,6.932918522946877e-05
10.0,3.8311868495572927,0.0005581006380260513,0.0028031284267811436,1.2880589916817495e-05,4.315754324828375e-05
10.0,6.18965818891261,0.0005581003610692825,0.0028031272923488967,8.0017112040539e-06,2.681043497244884e-05
10.0,10.0,0.0005581001430763324,0.0028031263537976027,4.96469868699663e-06,1.663465887079647e-05
