PRAFi_0_uM,MEKi_0_uM,pMEK,pMEK_obs,pERK,pERK_obs,gdpRAS,gtpRAS,bound_CRAF,unbound_CRAF,uS1134SOS1,pS1134SOS1,pS1134SOS1_obs,gtpRAS_obs,bound_CRAF_obs
0.0,0.0,0.15302783803593584,0.768600775150967,0.2121215192467214,0.7107315965125969,0.1747139570697011,0.3520515227786563,0.012956909501650727,0.005857810203140254,0.0019214009569943253,0.006682201344299646,0.7766748287859204,0.6683268669769383,0.6886581200756009
0.0,0.0017782794100389228,0.15306022408716813,0.7687634394711446,0.2051786867266422,0.687469032129504,0.17005567999716809,0.3567098021054704,0.012987398917686513,0.005827320605406279,0.001971033954848887,0.006632568346299874,0.7709059663780934,0.677170039087654,0.6902786353921494
0.0,0.003924189758484536,0.15309529903127653,0.768939607606741,0.19771559167509908,0.6624632830390333,0.164943895993673,0.3618215879169413,0.013020345873156399,0.005794373517214765,0.0020273275133048134,0.0065762747877561424,0.7643629444546951,0.6868741384322317,0.6920297668547658
0.0,0.008659643233600654,0.15316073437248548,0.7692682656431259,0.18394727527532057,0.6163313421495249,0.155241564657998,0.37152391811308655,0.013081606665234018,0.0057331124592100964,0.0021400883171117597,0.006463513983924468,0.7512567129173318,0.7052928300439515,0.6952857801761372
0.0,0.019109529749704406,0.1532673781879416,0.7698039005278865,0.1619548438732721,0.5426437855125916,0.13909050171382445,0.38767497846267934,0.013180873809538278,0.0056338447986405155,0.0023487609370356198,0.00625484136025735,0.72700261403591,0.7359536512012533,0.7005618358708025
0.0,0.042169650342858224,0.15341419873661769,0.7705413246342885,0.132764788937341,0.4448399673561626,0.11677013340431236,0.4099954187042993,0.013316380041878701,0.005498328711013741,0.002697921097828907,0.005905681206883309,0.6864195946910228,0.7783261776764084,0.7077643463299177
0.0,0.0930572040929699,0.1536038101515031,0.7714936619285189,0.09809051610368649,0.32866080282529386,0.0900241002121609,0.43674137311547695,0.013489332752652409,0.0053253876398884755,0.003276509546059031,0.005327092755396038,0.6191700370082313,0.8291002262478052,0.7169563230926499
0.0,0.2053525026457146,0.15392012071160238,0.7730823835507686,0.0540840799886168,0.18121341442957994,0.058407096799078954,0.46835838508616884,0.01377273480926716,0.005041984540729952,0.00450178641632318,0.0041018158848181024,0.4767556357496894,0.8891212526112292,0.7320191469807533
0.0,0.4531583637600818,0.15427533877046296,0.7748665182900237,0.026619395458688758,0.08919060071505394,0.04131121959208525,0.48545426345609893,0.014083110371590315,0.004731608987811957,0.0058723251280821,0.002731277172445614,0.3174573948261285,0.9215756899008768,0.7485155692504418
0.0,1.0,0.15461308396519718,0.776562775059496,0.012744388200374665,0.04270118075871928,0.033618330523793906,0.4931471408270016,0.014370385384981296,0.004444335614056537,0.006939667315697107,0.001663934983696112,0.19339980229135684,0.9361796997863447,0.7637841340148591
0.005623413251903491,0.0,0.13676824771703336,0.686935015952447,0.20202776521809487,0.6769115904798239,0.16791057161894254,0.35885500619354394,0.013001289772819417,0.0058134325746757,0.00199441527367944,0.006609187029431598,0.7681883467628129,0.6812423235469776,0.6910168288797699
0.005623413251903491,0.0017782794100389228,0.13681048168952062,0.6871471506902378,0.19496536875603063,0.6532484242633531,0.1630334845037212,0.3637319760504057,0.01303253259783433,0.005782186814257324,0.0020488916723847062,0.0065547106277298655,0.7618565339360907,0.6905008078315941,0.6926774889589216
0.005623413251903491,0.003924189758484536,0.13685553254824462,0.6873734172162065,0.18748753549135225,0.6281932912728552,0.15776857555693405,0.36899646170861017,0.013065794327078498,0.005748926339313698,0.0021099129111988727,0.006493689390590303,0.7547640119580955,0.7004953548627384,0.6944452994413729
0.005623413251903491,0.008659643233600654,0.13693799272507037,0.6877875875403293,0.17394482365793312,0.5828172549073645,0.14798745121606954,0.3787782721095463,0.013126526918941478,0.005688197242597738,0.0022302048826296677,0.006373397419164826,0.7407824299172332,0.7190640076545132,0.6976730993364515
0.005623413251903491,0.019109529749704406,0.13706935013963523,0.6884473790922195,0.15278030470798437,0.5119037347394706,0.13215722859327572,0.39460799686049247,0.01322289194356526,0.00559181256006468,0.0024483515885209534,0.006155250715508887,0.7154271545798706,0.7491155030603407,0.7027956214254742
0.005623413251903491,0.042169650342858224,0.13724864255347774,0.6893478723859645,0.1249997873489731,0.41882266388670425,0.11075033232646421,0.41601493298677594,0.013353561017667959,0.00546115154461403,0.0028090033748055573,0.005794598926188779,0.6735084588369555,0.7897539195933743,0.7097403679946701
0.005623413251903491,0.0930572040929699,0.13749886368061146,0.690604632677542,0.08984928858538414,0.3010478554774799,0.08381206621271009,0.442953425737276,0.013534327091925171,0.005280389660157889,0.0034524870324122944,0.0051511152683928405,0.5987161061490247,0.8408930207207501,0.7193479056986987
0.005623413251903491,0.2053525026457146,0.13790369636626282,0.692637960700405,0.04837156789430242,0.16207314587830207,0.05465614062762516,0.4721094142408172,0.01382268994136143,0.004992029615631526,0.004731469925763574,0.0038721323747340415,0.45005943318766434,0.8962419996476922,0.7346742479732522
0.005623413251903491,0.4531583637600818,0.13834126277373873,0.6948356958068567,0.02389714642489355,0.08006946802169011,0.03975062832065186,0.4870147962927886,0.014128405549902138,0.004686315024079189,0.006055041209953541,0.002548561098083495,0.2962202350639525,0.9245382736541228,0.7509229538832574
0.005623413251903491,1.0,0.13874709589664366,0.6968739462417505,0.011463544796476753,0.03840960348583882,0.0329410373449994,0.4938246802725588,0.014406260770956102,0.004408459729103942,0.007058092411829912,0.001545509889676294,0.17963520808089029,0.937465487515047,0.7656909264695216
0.012409377607517195,0.0,0.12174500925580135,0.6114789955035042,0.19191758278698787,0.6430365494807422,0.16090014178328815,0.36586532756332035,0.013046065793098914,0.005768653391047283,0.002073331216711138,0.006530271084335494,0.7590159163378674,0.6945507039729345,0.6933967850071284
0.012409377607517195,0.0017782794100389228,0.12179607163602542,0.6117354617564751,0.18479690583275188,0.6191781020689141,0.15585017896744707,0.3709152443441354,0.013077807046002927,0.005736912294121351,0.002132767999756967,0.006470834301335384,0.7521075562167511,0.7041374166366621,0.6950838229148176
0.012409377607517195,0.003924189758484536,0.12184942324160516,0.6120034270489547,0.17737211272971964,0.5943006880115902,0.15049140931334898,0.3762740754808409,0.013111090114263563,0.0057036287097260215,0.002198484290131114,0.006405118011090012,0.7444693265495222,0.7143104215111077,0.6968528329823537
0.012409377607517195,0.008659643233600654,0.12194552439923546,0.6124861070265641,0.1641612172010656,0.5500364339144728,0.14074278277012972,0.3860227175758395,0.01317082622021338,0.005643893170163376,0.0023260072538963095,0.0062775950471838735,0.7296472834867925,0.7328170074203934,0.7000277786204939
0.012409377607517195,0.019109529749704406,0.12209598080350727,0.6132417895022614,0.14389542918909182,0.48213414725979215,0.12536166482365343,0.4014039053121858,0.013264054731258187,0.0055506669441789174,0.002553192336344508,0.006050409964385497,0.7032414740825629,0.7620162137944473,0.7049827767888063
0.012409377607517195,0.042169650342858224,0.12230154396843528,0.6142742560560918,0.11735693255173488,0.39321460722192175,0.10482576607268217,0.421939712513495,0.013390856491073404,0.005423863009105486,0.002927648025014859,0.00567595427607232,0.6597183455766068,0.8010010710002672,0.7117223560492663
0.012409377607517195,0.0930572040929699,0.12261907007966542,0.6158690679310281,0.0810391066112414,0.27152857263950114,0.07729175817191329,0.44947372736974633,0.013585268851672189,0.005229451237304303,0.0036627925065156803,0.00494080979396902,0.5742722201014183,0.8532710280127132,0.7220553262246919
0.012409377607517195,0.2053525026457146,0.12309544406200293,0.6182617231521812,0.04312852623584627,0.14450587853727687,0.051300792334864675,0.47546470029705346,0.013873611436153567,0.0049411081431367295,0.00496391758178071,0.003639684719630086,0.42304195290770935,0.9026117066276532,0.7373807182023856
0.012409377607517195,0.4531583637600818,0.12359970191743214,0.6207944272330228,0.021383905611308388,0.07164863638142396,0.03833202909758017,0.48843345250493375,0.01417415939900397,0.004640560185414731,0.006234121389205453,0.002369480911800025,0.2754056764714834,0.927231319370115,0.7533548047530955
0.012409377607517195,1.0,0.12405522527401236,0.6230822661257559,0.010275001800069362,0.03442728707534164,0.032317474895102734,0.4944479791284658,0.014441578846471815,0.004373141340667439,0.007171656941311822,0.0014319453598444771,0.16643555916712094,0.9386492135194986,0.7675680904541574
0.027384196342643614,0.0,0.09837844465576942,0.4941176061248939,0.17435040911015542,0.5841762069862636,0.14828459984506534,0.3784808597997554,0.013124694377448226,0.005690025456079267,0.0022264034116510406,0.00637719888940393,0.7412242763269009,0.7184997665848339,0.6975758604738963
0.027384196342643614,0.0017782794100389228,0.09843889204929737,0.49442121063166006,0.1672650084037462,0.5604359560552444,0.14305578631461469,0.38370969937031657,0.013156728666968797,0.0056579904906549055,0.00229473515067509,0.006308867150302791,0.7332820520522816,0.7284260449816574,0.6992785040662017
0.027384196342643614,0.003924189758484536,0.09850088435227229,0.4947325741689781,0.16006723911513218,0.5363192040561877,0.13767212620962768,0.38909334117597544,0.01318948781763659,0.005625231411810619,0.0023685835450204256,0.006235018756136214,0.7246986248188155,0.738646257711406,0.7010196462030382
0.027384196342643614,0.008659643233600654,0.09860913923995429,0.49527629726900124,0.14760576674702752,0.49456595680880044,0.1282078246780553,0.3985576678051228,0.013246810294700685,0.005567909166970589,0.0025083380229090593,0.006095264277844926,0.7084549081622196,0.7566130915795513,0.7040663200791624
0.027384196342643614,0.019109529749704406,0.09877584118002986,0.49611357787016647,0.12891719482270192,0.43194827146824705,0.11378852176495727,0.41297697378202625,0.01333473209456097,0.005479987654127705,0.0027518428291611313,0.005851759471604725,0.6801522510034926,0.7839863796568475,0.7087393419979245
0.027384196342643614,0.042169650342858224,0.09901460336438898,0.49731278746562063,0.10361878209511954,0.34718373905644884,0.09423931462510761,0.43252620552809473,0.013460256818645992,0.005354462666054753,0.0031681836032034305,0.005435418697974478,0.6317608029406847,0.8210981717298059,0.7154109754116329
0.027384196342643614,0.0930572040929699,0.09943953313808471,0.4994470476597861,0.0659800811296834,0.22107199836368624,0.06651680423216691,0.4602486861709192,0.013682291918777031,0.0051324283527119565,0.004088482421104735,0.00451511988024283,0.5247941178703293,0.873725964506012,0.7272120829513786
0.027384196342643614,0.2053525026457146,0.09998594421488743,0.5021914725617193,0.03501506510852478,0.11732102149503315,0.04627996278910926,0.48048551607225937,0.013965150853886658,0.0048495684182227735,0.005372346784771139,0.0032312555162194987,0.3755700697424665,0.9121431364691075,0.7422460389610128
0.027384196342643614,0.4531583637600818,0.10055171459017959,0.5050331273076357,0.017459474977064918,0.058499490033776747,0.03615954275285606,0.49060594091140136,0.014254736269503573,0.004559983621675316,0.006535966266400604,0.00206763603407294,0.24032213041264552,0.9313555199149997,0.757637443020704
0.027384196342643614,1.0,0.10103970243433531,0.5074840386815521,0.008406868841944354,0.028167945124566635,0.03134704453179793,0.49541843938472585,0.014501516668267296,0.004313203309262193,0.007357734307924163,0.0012458679931166231,0.14480771536428516,0.9404914606425433,0.7707537866939579
0.060429639023813285,0.0,0.06947831377892819,0.34896321260133045,0.14831676200543434,0.49694820872131373,0.12875194720000926,0.39801353951924323,0.013243516072968744,0.0055712032566339,0.002499922138406895,0.006103680162655181,0.7094330896607934,0.7555801387029186,0.7038912375446232
0.060429639023813285,0.0017782794100389228,0.06953898509604461,0.3492679415017345,0.14154588044737493,0.4742617814430938,0.1235538234685106,0.40321165930385316,0.013275020348160534,0.005539698610646592,0.0025824352180756466,0.006021167082939404,0.6998425627169014,0.765448140568651,0.7055656997707385
0.060429639023813285,0.003924189758484536,0.06959933713830685,0.3495710669072303,0.13488773080747601,0.4519530718910915,0.11841339239017275,0.4083521375570647,0.013306328366322057,0.005508391426492634,0.002669064288532999,0.0059345380116302944,0.6897736325536176,0.7752066419341582,0.7072296857380631
0.060429639023813285,0.008659643233600654,0.06970313833906625,0.3500924209355657,0.12364933466684257,0.4142978482966377,0.10970300759686123,0.4170625503854314,0.01336010126084141,0.00545461821108105,0.002829262777847674,0.0057743395236275795,0.6711537006583227,0.7917422543397387,0.7100877204562591
0.060429639023813285,0.019109529749704406,0.06986840587715493,0.3509224962149616,0.10647320649132537,0.35674773650682173,0.0964277973317741,0.4303376499592514,0.01344553290343255,0.005369186502074203,0.00311500833256273,0.0054885939685162715,0.6379413850670356,0.8169435792957366,0.7146284041577184
0.060429639023813285,0.042169650342858224,0.07017097949727104,0.3524422079897134,0.07837756496991627,0.2626108484110655,0.07535078977574491,0.4514147037077379,0.01360137953841032,0.005213340555300112,0.003731459384029521,0.004872142917220584,0.5662910425918526,0.8569557218384746,0.7229116070112107
0.060429639023813285,0.0930572040929699,0.07063357238638676,0.3547656363362308,0.046724702284844606,0.15655517765698138,0.05359303426537746,0.47317246731780443,0.013838105915203059,0.004976614177085685,0.0048021028904248406,0.00380149941030952,0.4418497365905724,0.8982601668022963,0.735493584136531
0.060429639023813285,0.2053525026457146,0.07116914735179938,0.3574556321105503,0.024987140308314705,0.0837215871135554,0.04037250475940608,0.48639296690424355,0.01410977330077438,0.00470494602702796,0.005980533327343161,0.0026230689738978366,0.30488031432130247,0.9233577238236611,0.7499327018885948
0.060429639023813285,0.4531583637600818,0.07169931466635696,0.36011846594411084,0.012537953719394692,0.04200950483370894,0.033508793634463685,0.4932566956944495,0.014376021602648508,0.004438697968483213,0.006958484616475967,0.0016451176853403803,0.19121266042167848,0.9363876443820329,0.764083756247225
0.060429639023813285,1.0,0.07212198752477873,0.36224134324123686,0.00604339853552741,0.02024893234580344,0.030136162746224063,0.49662932171970664,0.014586339095048001,0.0042283809687746355,0.007607455505497512,0.0009961467960256875,0.11578252470471906,0.9427901720311497,0.7752620844513628
0.1333521432163324,0.0,0.0423488233795678,0.21270207417988418,0.11610197033355563,0.3890097479130003,0.10385421208285776,0.42291127411948964,0.01339705812722122,0.005417661147965991,0.0029480943050756493,0.005655507995924874,0.6573418665885088,0.8028454505788104,0.7120519807536652
0.1333521432163324,0.0017782794100389228,0.042398906863399005,0.21295362455861386,0.1096217885931015,0.3672973355121475,0.09884970273925994,0.4279157771635658,0.013429492415161462,0.00538522682401912,0.003058385935453928,0.005545216365815096,0.6445226280388602,0.8123458986767771,0.7137758605079424
0.1333521432163324,0.003924189758484536,0.042450804959544,0.2132142888821927,0.10307880644072218,0.3453745046293667,0.09382615259513667,0.43293934444678367,0.013463062876836884,0.005351656430036472,0.003178447726014924,0.005425154575002932,0.6305677999971133,0.8218825015646963,0.715560123818515
0.1333521432163324,0.008659643233600654,0.042552320665979006,0.21372416435129002,0.09087348019537711,0.3044794975335695,0.08457866890467744,0.44218675938557184,0.013528612736134567,0.005286106314354482,0.003429595341629151,0.005174006958523418,0.6013768161310369,0.8394376996622633,0.719044100516766
0.1333521432163324,0.019109529749704406,0.04273965380864431,0.21466506590134546,0.0708564680793,0.2374107567029361,0.06994851817165018,0.4568169785792042,0.01364916549279831,0.005165554838669703,0.003940196406695138,0.0046634058933914466,0.5420294582124648,0.8672112759793501,0.7254514152926205
0.1333521432163324,0.042169650342858224,0.04301572399772738,0.2160516621418164,0.04803045558783606,0.16093021772145932,0.05443525109953318,0.47233024024080045,0.013825842747014039,0.004988877314720704,0.004745928864605518,0.0038576734364228504,0.44837886520646725,0.8966613189466471,0.7348417994872504
0.1333521432163324,0.0930572040929699,0.04337054272146733,0.21783378108755813,0.02869610015086104,0.09614877847011326,0.042518443923160815,0.4842470315648565,0.014051146138775405,0.0047635744313122485,0.00574018567971766,0.0028634166209973904,0.33281601367829494,0.9192839206408274,0.7468166261854796
0.1333521432163324,0.2053525026457146,0.04376634493565352,0.2198217499374611,0.015494703621667268,0.051916352343399544,0.035091471438219335,0.49167400270493705,0.01430008291804018,0.0045146363879112715,0.006698338082551662,0.0019052642186543284,0.22144959192119587,0.9333831217862172,0.7600476353381902
0.1333521432163324,0.4531583637600818,0.04412312688952601,0.22161373259640635,0.007799129236548752,0.026131661112259955,0.03103388112227069,0.4957315797306217,0.01452230118881572,0.004292418463476455,0.007420368126305074,0.0011832341746770532,0.13752776259102348,0.9410859605866639,0.7718584946891028
0.1333521432163324,1.0,0.04437868406633809,0.2228972699303973,0.003751048995084212,0.012568215855753719,0.02897965882557113,0.49778584661879544,0.01468019343798499,0.004134526606878604,0.007866406977761645,0.0007371953229727812,0.08568449554087967,0.9449856558068936,0.7802504317353706
0.29427271762092816,0.0,0.02292932778521554,0.11516531483138501,0.07394178599088738,0.24774838386138598,0.0721492748998396,0.45461621130941965,0.013629122498028886,0.0051855967897847105,0.0038518062437208345,0.004751796057188797,0.5523030808486353,0.8630334052083696,0.7243861728437563
0.29427271762092816,0.0017782794100389228,0.02297871881041931,0.11541338754523234,0.06642455946725871,0.2225612637885872,0.06682710137677696,0.45993817959444006,0.013679190298027236,0.005135528577471259,0.004074505459289071,0.004529096841488497,0.5264186654791296,0.8731368528055539,0.7270472861457951
0.29427271762092816,0.003924189758484536,0.023026102650128236,0.11565137826539398,0.059826472901942186,0.20045379992795404,0.062273317108786544,0.46449217379918323,0.013727120849294554,0.005087598486512048,0.004292330487665957,0.004311271813376946,0.5011007787812725,0.8817817070714933,0.7295947712156539
0.29427271762092816,0.008659643233600654,0.023104900537784277,0.11604715021243378,0.050147220796611346,0.1680226240751308,0.055811615256473095,0.4709538632175819,0.013806605141077939,0.005008114216542686,0.004657604956553976,0.0039459973445945,0.4586447869711222,0.8940484569752918,0.7338193506184705
0.29427271762092816,0.019109529749704406,0.023223660384821605,0.11664363543491506,0.038304591422586146,0.12834286418907004,0.04829004227727462,0.4784754357117775,0.013925869523892912,0.0048888504086351744,0.0051989137999865435,0.0034046885113796837,0.3957282529065466,0.9083272456243258,0.7401582151545603
0.29427271762092816,0.042169650342858224,0.023389261712931483,0.11747538921119965,0.026120584775927644,0.08751929108273544,0.04102339541266188,0.4857420175394931,0.014091106336656401,0.00472361153247616,0.00590497531272755,0.0026986269880770984,0.31366245134607285,0.9221220786255602,0.7489406131236379
0.29427271762092816,0.0930572040929699,0.02359418798531896,0.11850465465584176,0.015755302136578275,0.052789509644705114,0.035232383505220975,0.4915330920827533,0.01429385185637288,0.004520868512980348,0.006676339278527796,0.0019272630231377311,0.22400652140378943,0.9331156175983343,0.7597164122436676
0.29427271762092816,0.2053525026457146,0.023801553394013457,0.11954617456729812,0.00853939184742341,0.028611975187249613,0.03141549703568726,0.49534998272477815,0.01449707187225843,0.004317647641141226,0.007344216628033931,0.0012593856730004536,0.1463788804892855,0.9403615114453372,0.7705175653526886
0.29427271762092816,0.4531583637600818,0.02396626812610508,0.12037347557878414,0.00428673266751559,0.014363070790298587,0.02924833581754299,0.49751716048188255,0.014657108302592304,0.004157611350471897,0.0078043283559714165,0.0007992739448506022,0.09289991760477316,0.9444756043761129,0.7790234759201001
0.29427271762092816,1.0,0.024071535023369825,0.12090217502554033,0.002050810171656561,0.006871417812997125,0.02813324629161586,0.49863223935516526,0.014758742489672431,0.0040559781437180045,0.008070153325062831,0.0005334489717920717,0.06200297891350429,0.946592464658017,0.7844252793995837
0.6493816315762113,0.0,0.011536978433075606,0.05794586588445614,0.037293805703563665,0.12495613899658835,0.04766865408298344,0.4790968232362398,0.013937594850294655,0.004877124583232553,0.00525100154065904,0.003352600760395094,0.38967407407759014,0.9095068751931593,0.7407814344261932
0.6493816315762113,0.0017782794100389228,0.01156342269699856,0.05807868696685712,0.03334845488442748,0.11173689995428773,0.04527504473035511,0.4814902821590757,0.013986367952089778,0.004828346505816647,0.00546470738486805,0.0031388949181313515,0.36483496186673636,0.9140508260144886,0.7433739153140514
0.6493816315762113,0.003924189758484536,0.011588197410615944,0.058203119433660126,0.030010058343538443,0.1005513101656714,0.04328971231099143,0.48347578111891365,0.01403195139389722,0.0047827678730551874,0.005659607854289643,0.002943994446574375,0.3421816052886038,0.917819764485479,0.7457964795969089
0.6493816315762113,0.008659643233600654,0.011628568689186032,0.058405889317994404,0.025211999347792086,0.08447499650644759,0.04050129261066393,0.48626420291054856,0.014106013562898968,0.004708704860544931,0.0059653902636914394,0.0026382120372067134,0.30664039839815743,0.9231132392781529,0.74973290832364
0.6493816315762113,0.019109529749704406,0.011687697322703264,0.058702869468720255,0.019369608803932986,0.06489955846552993,0.03721044304451971,0.489555045161625,0.014213991886112389,0.00460072824950765,0.006385482729837144,0.0022181195705844483,0.25781288966317706,0.9293605145408527,0.7554718743438775
0.6493816315762113,0.042169650342858224,0.011765816282385636,0.05909523128484225,0.013289503517518614,0.04452763701059267,0.033908274328231826,0.492857206878299,0.01435575380594876,0.004458966638648659,0.006890463679379396,0.0017131386209288397,0.19911875992541686,0.9356292780412149,0.7630064899566942
0.6493816315762113,0.0930572040929699,0.011853802250868855,0.059537151552421494,0.008033490280186219,0.02691690770815756,0.03115449878550858,0.4956109813121656,0.014514206742526656,0.004300513141744792,0.007396088908471807,0.0012075133927918452,0.140349745433316,0.9408569848203965,0.7714282663681924
0.6493816315762113,0.2053525026457146,0.011932509913242049,0.05993247118611814,0.004339668541688244,0.014540436934936193,0.02927493748359779,0.4974905442270866,0.014654867159879991,0.004159852375518745,0.00779824694559424,0.0008053553553637817,0.09360676228306189,0.9444251028208468,0.7789043643360066
0.6493816315762113,0.4531583637600818,0.011987877608636512,0.06021056282028262,0.002164789993220295,0.007253317232782345,0.028189685321037352,0.4985757982798803,0.014753207108785815,0.004061512490941001,0.008056165193460063,0.0005474371077486554,0.06362882529702076,0.9464853218393626,0.7841311176914927
0.6493816315762113,1.0,0.012020100706373084,0.06037239926408577,0.0010297511981253232,0.003450270939684681,0.02762958330077411,0.49913590095468313,0.01481020596011587,0.004004514038860342,0.008197663376195251,0.00040593892494551135,0.04718243716259262,0.9475486072520005,0.7871605828267286
1.4330125702369627,0.0,0.005583142939863938,0.028042008969740278,0.01821471176615648,0.06102997577002755,0.036573575149860434,0.49019190566298637,0.01423825560295238,0.0045764634057291476,0.0064756275090336905,0.002127974792281741,0.2473353274309748,0.9305695295496119,0.7567615331582968
1.4330125702369627,0.0017782794100389228,0.0055949894133165605,0.028101509176987973,0.01628600786540606,0.05456768545113388,0.03552006033128782,0.4912454163117926,0.014281371210487734,0.004533348762818904,0.006631982778064954,0.001971619523805418,0.2291620945074134,0.9325694983702292,0.7590530834766308
1.4330125702369627,0.003924189758484536,0.005605748415162922,0.028155547841388733,0.014663001863289116,0.049129663046637156,0.0346432886679067,0.4921221878635847,0.014320445545268463,0.004494272536240425,0.006769527389190937,0.0018340749121529454,0.2131752314802444,0.9342339424063673,0.7611299559860332
1.4330125702369627,0.008659643233600654,0.005622639492171117,0.02824038505221311,0.012334644226516957,0.041328298017764095,0.033401054306432455,0.49336443505544214,0.014381627118408529,0.0044330927593954,0.006977117068816459,0.0016264852320656128,0.1890470032417537,0.936592174352779,0.7643816762520496
1.4330125702369627,0.019109529749704406,0.005646041740359214,0.028357925484298344,0.009490144657004176,0.031797554743111064,0.03190833466923274,0.49485716392385815,0.014466068360872483,0.0043486528817259385,0.007248674826503213,0.0013549274713393247,0.15748374046521071,0.9394259214879203,0.768869661917702
1.4330125702369627,0.042169650342858224,0.0056746430396364105,0.02850157915378675,0.006508650843626822,0.021807800609914312,0.030373038966389283,0.49639243196823274,0.014568759732399359,0.0042459597646604345,0.007556966461779035,0.001046635842075751,0.12165088588611457,0.9423404899480182,0.7743277668676403
1.4330125702369627,0.0930572040929699,0.005703796714783793,0.02864800692390462,0.003919365163677902,0.013132173761971708,0.029063974390077588,0.4977015097880472,0.014672859229201364,0.004141860850232279,0.007846795231961832,0.000756807070129645,0.08796397643178724,0.9448255907741869,0.7798606180296175
1.4330125702369627,0.2053525026457146,0.005727241967964675,0.02876576399393483,0.0021039189083959823,0.007049363309107905,0.028159538317398924,0.49860594272556025,0.014756157793037926,0.004058561878530803,0.008063629537843345,0.0005399727630647787,0.06276124164964991,0.9465425519879436,0.7842879431967467
1.4330125702369627,0.4531583637600818,0.0057423118511313875,0.028841454657358472,0.001043223657018113,0.003495411634978158,0.02763620631597187,0.4991292781227129,0.01480950360803697,0.004005215968600544,0.008195954706108182,0.0004076475950098296,0.0473810365405729,0.9475360342839884,0.787123270570888
1.4330125702369627,1.0,0.005750560194782911,0.028882879130056494,0.0004942107928675808,0.001655896238846271,0.02736680353153572,0.49939868196707593,0.014838634239427207,0.003976085893147225,0.00826616615148536,0.0003374361496040475,0.039220333273810276,0.9480474627041463,0.7886715366941179
3.1622776601683795,0.0,0.002664082800048482,0.013380677244932568,0.008833553620783887,0.02959758957184978,0.031567654590588426,0.4951978315716064,0.014487315541315826,0.004327403709538704,0.007314388127363723,0.001289214174002009,0.14984585861173055,0.9400726596182742,0.7699990283223512
3.1622776601683795,0.0017782794100389228,0.002668371116213321,0.013402215797703978,0.007889602279793191,0.02643479846029685,0.031080421051977638,0.4956850280381753,0.0145191642460123,0.004295555323978489,0.007410976480599187,0.0011926258214982925,0.1386193572903226,0.9409976088871022,0.7716917699464501
3.1622776601683795,0.003924189758484536,0.002672144761007811,0.013421169424516134,0.007097697732548159,0.023781453479780054,0.030673990509391555,0.49609149592158397,0.014547146319563829,0.004267572817617291,0.007493996622402419,0.0011096056785375695,0.12896989420540036,0.9417691718620013,0.7731790314539525
3.1622776601683795,0.008659643233600654,0.0026778531154016886,0.013449840329027138,0.005963721870008946,0.019981968744434506,0.03009566937411917,0.4966698149954674,0.014589395246029162,0.00422532391300171,0.007616169732819758,0.000987432568206079,0.11476966666489732,0.9428670437469203,0.7754245557806475
3.1622776601683795,0.019109529749704406,0.0026853604107239092,0.013487546545261832,0.004579234797674204,0.015343124349809986,0.029395448326875673,0.4973700357004537,0.014644813760583072,0.004169906402159947,0.007770843039000918,0.0008327592620065311,0.09679192887716558,0.9441963279329987,0.7783700014620871
3.1622776601683795,0.042169650342858224,0.0026939418992017014,0.013530648092917047,0.003129078797802872,0.010484250575092805,0.0286689074099425,0.49809657762951043,0.01470796183756854,0.004106758482273818,0.007939735636732392,0.0006638666641330917,0.07716147735772372,0.9455755773220506,0.7817263072498216
3.1622776601683795,0.0930572040929699,0.002702044732963092,0.013571345551186009,0.0018743333267757204,0.006280116778120881,0.02804594596530645,0.4987195378218369,0.01476739223527674,0.00404732798501082,0.008091907479079376,0.0005116948207774919,0.05947448556356501,0.9467581934874109,0.7848850295075501
3.1622776601683795,0.2053525026457146,0.00270810500196881,0.013601784214207375,0.0010007628718795053,0.00335314305312905,0.02761533479627729,0.499150149192673,0.014811718175184143,0.004003001402111461,0.008201342292293369,0.00040226000894881845,0.046754835342719195,0.9475756562727724,0.7872409745111464
3.1622776601683795,0.4531583637600818,0.002711791607382973,0.013620300799488883,0.0004942614177863784,0.0016560658867874562,0.02736682801167841,0.4993986528225123,0.014838631019515101,0.003976088565129303,0.008266159621550011,0.00033744267929352174,0.0392210922232467,0.9480474157715493,0.7886713885242079
3.1622776601683795,1.0,0.0027137417204511818,0.013630093664829744,0.0002336002556413959,0.0007826979706335456,0.02723927183033167,0.4995262119674538,0.014852848613990536,0.003961871517153953,0.008299917535839455,0.0003036847650979087,0.035297396889768164,0.9482895659109155,0.7894270289678265
