PRAFi_0_uM,MEKi_0_uM,pMEK,pMEK_obs,pERK,pERK_obs
0.0,0.0,0.055956860419744625,0.2810500815929068,0.13365901252590212,0.4478361441949275
0.0,0.0017782794100389228,0.02183567453703295,0.10967230900862132,0.06704303513062791,0.2246335185210437
0.0,0.003924189758484536,0.012692334763880103,0.06374878219471494,0.03676863562449083,0.12319651072010429
0.0,0.008659643233600654,0.007081958837423059,0.03556999241251343,0.018392290937204177,0.06162497000033748
0.0,0.019109529749704406,0.004140309557341267,0.020795204113141525,0.00877087468798985,0.029387578258484606
0.0,0.042169650342858224,0.002710655876380666,0.013614596166323474,0.004057749222787175,0.01359584164804039
0.0,0.0930572040929699,0.0020337966412522883,0.010214988938258429,0.001838575598751951,0.0061603074126570885
0.0,0.2053525026457146,0.0017041055287934602,0.008559075681732533,0.0008192420893882646,0.002744941882692262
0.0,0.4531583637600818,0.001516194419214138,0.007615269591336869,0.0003570840740848639,0.0011964412650792566
0.0,1.0,0.0013623007526118612,0.006842320496454698,0.00014982296123909012,0.0005019948573328138
0.005623413251903491,0.0,0.04307974152875325,0.2163731990292072,0.1171553114425003,0.3925390591195027
0.005623413251903491,0.0017782794100389228,0.015657452416309597,0.07864144325033191,0.048080896379848616,0.1610992245452255
0.005623413251903491,0.003924189758484536,0.009028469202409156,0.04534657555324931,0.02623317271058513,0.08789652709150382
0.005623413251903491,0.008659643233600654,0.005022157338352793,0.025224390947496036,0.01313813566285715,0.0440204658582083
0.005623413251903491,0.019109529749704406,0.0029326034577318257,0.014729354580179762,0.006258513054529257,0.020969692154772665
0.005623413251903491,0.042169650342858224,0.0019189024751322234,0.009637919160240923,0.0028873955349291167,0.009674469826724336
0.005623413251903491,0.0930572040929699,0.0014393095611454506,0.007229105875569246,0.001304933907801054,0.00437229452118495
0.005623413251903491,0.2053525026457146,0.0012057879597168685,0.006056215567328497,0.0005805114960351912,0.0019450542626816844
0.005623413251903491,0.4531583637600818,0.0010727296376258813,0.005387914176257219,0.00025280852648740997,0.0008470569684873463
0.005623413251903491,1.0,0.0009637951599498934,0.0048407778804415965,0.00010602610048255529,0.0003552496677403544
0.012409377607517195,0.0,0.033708257415886456,0.16930378882759053,0.10179232992913227,0.3410640526505305
0.012409377607517195,0.0017782794100389228,0.011679918841529177,0.05866380111124634,0.035876612496463664,0.12020770954054034
0.012409377607517195,0.003924189758484536,0.006702107196873115,0.03366214175414626,0.019566247141101455,0.06555841235345415
0.012409377607517195,0.008659643233600654,0.0037210207127420965,0.01868927532656656,0.009800323079130514,0.03283683460470472
0.012409377607517195,0.019109529749704406,0.0021711238613930537,0.010904731455058337,0.004660051268843952,0.015613906964190107
0.012409377607517195,0.042169650342858224,0.0014200473429511785,0.00713235910065329,0.0021445346195343444,0.00718544974081791
0.012409377607517195,0.0930572040929699,0.0010648585285448573,0.005348380394958562,0.0009673094554077783,0.003241054437443377
0.012409377607517195,0.2053525026457146,0.0008919556276725783,0.004479954784480974,0.0004298204772922949,0.0014401508972323072
0.012409377607517195,0.4531583637600818,0.0007929003701426573,0.003982437875592716,0.00018694067331650744,0.0006263609943551297
0.012409377607517195,1.0,0.0007123473435630108,0.0035778507839676543,7.837873355200068e-05,0.00026261476027413373
0.027384196342643614,0.0,0.022769274247919025,0.11436142661024348,0.07344230214275752,0.24607481968469413
0.027384196342643614,0.0017782794100389228,0.007477155660190988,0.03755491613528073,0.023077951758989225,0.07732468398789162
0.027384196342643614,0.003924189758484536,0.0042695504414084345,0.02144433204721556,0.012583707585415419,0.04216280641102058
0.027384196342643614,0.008659643233600654,0.002365814396734634,0.011882588150079788,0.006292754465563143,0.02108442098644827
0.027384196342643614,0.019109529749704406,0.0013791317258806195,0.0069268554298242465,0.0029814698002165775,0.009989673801845678
0.027384196342643614,0.042169650342858224,0.0009014899368327714,0.004527841968142461,0.001367121694369204,0.00458066012819295
0.027384196342643614,0.0930572040929699,0.0006757078947133942,0.0033938244000690193,0.0006151182275238063,0.0020610071054255785
0.027384196342643614,0.2053525026457146,0.0005658304389403269,0.0028419516685011937,0.0002729404823583055,0.0009145108275533699
0.027384196342643614,0.4531583637600818,0.0005032546013506941,0.00252765702365569,0.00011870475608437815,0.0003977306163159679
0.027384196342643614,1.0,0.00045208828974019685,0.002270668177614063,4.975224028807163e-05,0.000166699206302475
0.060429639023813285,0.0,0.013265640167574094,0.06662827800805965,0.04287015072774629,0.14364016799422397
0.060429639023813285,0.0017782794100389228,0.004176632545952197,0.02097764071679318,0.013040800933477384,0.04369433743640439
0.060429639023813285,0.003924189758484536,0.0023765002636793185,0.011936259212675479,0.007096498250701962,0.023777434194575182
0.060429639023813285,0.008659643233600654,0.0013147983762782415,0.006603733423715962,0.003534248875638436,0.011841808159025273
0.060429639023813285,0.019109529749704406,0.0007656729092014307,0.0038456845349730175,0.0016663101729316623,0.005583117120274622
0.060429639023813285,0.042169650342858224,0.0005000310813650117,0.0025114664336063105,0.0007610320051981663,0.0025499039168956654
0.060429639023813285,0.0930572040929699,0.0003744997382184157,0.0018809701051736895,0.00034152469284297565,0.0011443081809866243
0.060429639023813285,0.2053525026457146,0.00031342928123270514,0.0015742363927584025,0.00015131505093221386,0.0005069942402392824
0.060429639023813285,0.4531583637600818,0.0002786854619093002,0.001399731396691429,6.575914345005104e-05,0.0002203317331097215
0.060429639023813285,1.0,0.00025031005710840194,0.0012572125706850172,2.75509323331446e-05,9.231179397531581e-05
0.1333521432163324,0.0,0.006907988703240087,0.034696206581387744,0.02245053953827104,0.07522248496070748
0.1333521432163324,0.0017782794100389228,0.00212488577658215,0.010672495094754491,0.006734954311267484,0.022566050016212032
0.1333521432163324,0.003924189758484536,0.001207000830224952,0.006062307248735306,0.0036499295640687337,0.012229406358824161
0.1333521432163324,0.008659643233600654,0.0006670299491379121,0.0033502383671118476,0.001808188307048145,0.006058492142471723
0.1333521432163324,0.019109529749704406,0.00038791600823423304,0.0019483549412621537,0.0008482839009979325,0.0028422489746217925
0.1333521432163324,0.042169650342858224,0.00025290622486409773,0.0012702520259363621,0.00038589191554276223,0.0012929644214653465
0.1333521432163324,0.0930572040929699,0.0001891118847415428,0.0009498372501871057,0.0001726805106315174,0.0005785810652083967
0.1333521432163324,0.2053525026457146,0.00015809157394777512,0.000794034009622943,7.636914880983927e-05,0.00025588147611041396
0.1333521432163324,0.4531583637600818,0.0001404732552550426,0.0007055438892800525,3.315563240512073e-05,0.00011109083164403206
0.1333521432163324,1.0,0.0001261275325009795,0.0006334908053369122,1.3884180838565967e-05,4.652015498892937e-05
0.29427271762092816,0.0,0.0033615154686824633,0.01688361694431361,0.011087831341394764,0.037150743085696145
0.29427271762092816,0.0017782794100389228,0.0010298107322694822,0.005172348611097577,0.0033067199036361282,0.01107945255524439
0.29427271762092816,0.003924189758484536,0.0005850340598916929,0.0029384041278665875,0.0017852623259203967,0.005981676650323566
0.29427271762092816,0.008659643233600654,0.0003230083289731107,0.0016223482905636244,0.0008804275313756617,0.0029499489988685196
0.29427271762092816,0.019109529749704406,0.00018739787803876014,0.0009412284461645899,0.0004110818710280351,0.001377365552308796
0.29427271762092816,0.042169650342858224,0.0001217560339885867,0.0006115343695997777,0.00018611637789715986,0.000623599109381917
0.29427271762092816,0.0930572040929699,9.073480895822106e-05,0.0004557265218982852,8.293715930545017e-05,0.0002778881638229705
0.29427271762092816,0.2053525026457146,7.566393599374845e-05,0.00038003125035311435,3.657104519573523e-05,0.0001225344680010711
0.29427271762092816,0.4531583637600818,6.713437784711046e-05,0.00033719052127140073,1.5849819152126555e-05,5.3106198447675443e-05
0.29427271762092816,1.0,6.0234061126846795e-05,0.0003025328659725005,6.631375585053897e-06,2.2219000449838184e-05
0.6493816315762113,0.0,0.0015807252281834006,0.007939383143559403,0.005298544924774984,0.01775323552301188
0.6493816315762113,0.0017782794100389228,0.000492400236322763,0.0024731395771110205,0.0015947520552105597,0.005343355425885582
0.6493816315762113,0.003924189758484536,0.0002803957924978034,0.00140832168863182,0.0008603925293427354,0.002882819980949854
0.6493816315762113,0.008659643233600654,0.000154642810235465,0.0007767121653588937,0.0004229698525029146,0.0014171972665594005
0.6493816315762113,0.019109529749704406,8.929527879039968e-05,0.00044849630762814794,0.00019635111802364236,0.0006578914936986749
0.6493816315762113,0.042169650342858224,5.760006926577744e-05,0.0002893032977920674,8.820843310010138e-05,0.00029555002665722986
0.6493816315762113,0.0930572040929699,4.261356849944955e-05,0.00021403178748131206,3.900161220524598e-05,0.0001306782930645387
0.6493816315762113,0.2053525026457146,3.534538383912703e-05,0.0001775264560353126,1.7096804441100308e-05,5.7284330505928834e-05
0.6493816315762113,0.4531583637600818,3.126191843208991e-05,0.00015701676101758787,7.383562462265286e-06,2.473926856965508e-05
0.6493816315762113,1.0,2.8003652640079996e-05,0.0001406517364723338,3.083569433955557e-06,1.0331767476229505e-05
1.4330125702369627,0.0,0.0007336317179386938,0.003684753802654242,0.0024884287040251142,0.008337696767175861
1.4330125702369627,0.0017782794100389228,0.00023923095258024244,0.0012015663160147504,0.000778682969925027,0.0026090450026814748
1.4330125702369627,0.003924189758484536,0.00013709342813631188,0.0006885682777558488,0.0004221055761957261,0.0014143014347239335
1.4330125702369627,0.008659643233600654,7.550963951152548e-05,0.00037925627156723546,0.00020709785246184463,0.0006938993613234149
1.4330125702369627,0.019109529749704406,4.320585496440039e-05,0.0002170066181146713,9.526909189095327e-05,0.0003192073764987285
1.4330125702369627,0.042169650342858224,2.7465052003801143e-05,0.00013794653679590697,4.217702035267473e-05,0.0001413177742950661
1.4330125702369627,0.0930572040929699,2.0012270231456286e-05,0.00010051404083425379,1.8357542296247053e-05,6.150854161324698e-05
1.4330125702369627,0.2053525026457146,1.6409503601135194e-05,8.241871230464636e-05,7.948880263097967e-06,2.6633414753309168e-05
1.4330125702369627,0.4531583637600818,1.4414445647906277e-05,7.239829447674298e-05,3.407066722017122e-06,1.1415673505370191e-05
1.4330125702369627,1.0,1.2866789586101756e-05,6.462500879262402e-05,1.4173015788941692e-06,4.748792160537051e-06
3.1622776601683795,0.0,0.00034103844907029044,0.0017129067503680031,0.0011648555837766186,0.0039029499272573167
3.1622776601683795,0.0017782794100389228,0.00012169427162309029,0.000611224157929748,0.00039728680163020075,0.0013311439741366898
3.1622776601683795,0.003924189758484536,7.07475870063403e-05,0.00035533828809327387,0.00021840018296033297,0.0007317688020617494
3.1622776601683795,0.008659643233600654,3.8957915542620544e-05,0.000195670830028178,0.0001071836482060955,0.00035912813330558934
3.1622776601683795,0.019109529749704406,2.1947121965470796e-05,0.00011023206705193701,4.859850561875814e-05,0.00016283351862542053
3.1622776601683795,0.042169650342858224,1.3575137348100142e-05,6.818276507258031e-05,2.095006998371493e-05,7.019503114590831e-05
3.1622776601683795,0.0930572040929699,9.59813028925482e-06,4.820776705769819e-05,8.843175007476758e-06,2.962982678944757e-05
3.1622776601683795,0.2053525026457146,7.685479383990634e-06,3.8601247755641746e-05,3.7338915272204753e-06,1.2510728350354637e-05
3.1622776601683795,0.4531583637600818,6.653023301902622e-06,3.341561308860952e-05,1.5750662298384457e-06,5.277396472694955e-06
3.1622776601683795,1.0,5.89359600171032e-06,2.9601299600647514e-05,6.496779414383207e-07,2.1768024258512057e-06
