RAFi_0_uM,MEKi_0_uM,Active_RAF_percent,pMEK,pMEK_percent,pERK,pERK_percent,Bound_CRAF_percent,Bound_RAF_percent
0.0,0.0,79.00772407878493,0.15521663963263466,77.95942966364832,0.2134188798840448,71.50785156390882,79.00772407878493,79.00772407878493
0.0,0.0017782794100389228,79.00789634622484,0.15521668059744229,77.95945016854216,0.20648129344295074,69.18335285738068,79.00789634622484,79.00789634622484
0.0,0.003924189758484536,79.00808014104581,0.15521672272029496,77.95947157448438,0.1990097721144277,66.67995484111792,79.00808014104581,79.00808014104581
0.0,0.008659643233600654,79.00841554065498,0.15521680198356047,77.95951124780379,0.18519362941685774,62.050736008820536,79.00841554065498,79.00841554065498
0.0,0.019109529749704406,79.00893639909816,0.15521692447690527,77.95957274283195,0.16306223793835645,54.63542078075528,79.00893639909816,79.00893639909816
0.0,0.042169650342858224,79.00958653892576,0.155217075786595,77.9596488509787,0.13363862507089228,44.776783484612636,79.00958653892576,79.00958653892576
0.0,0.0930572040929699,79.01027168326746,0.15521723774635374,77.95973008750119,0.0988636528938105,33.125126612280695,79.01027168326746,79.01027168326746
0.0,0.2053525026457146,79.01097901629288,0.1552174026504382,77.95981306617279,0.05455639614265248,18.279594953634103,79.01097901629288,79.01097901629288
0.0,0.4531583637600818,79.0113228852476,0.15521748405507707,77.95985394767551,0.026781536656464835,8.973386772640701,79.0113228852476,79.0113228852476
0.0,1.0,79.01146917069798,0.15521752046726503,77.95987195917404,0.012793213271509753,4.286477355323589,79.01146917069798,79.01146917069798
0.005623413251903491,0.0,40.82811166929413,0.12106638097404654,60.80705105018684,0.19144116224589322,64.14402484995865,98.08667924902113,98.08667924902113
0.005623413251903491,0.0017782794100389228,40.82811902993396,0.12106638945775478,60.8070548097922,0.18429131984550912,61.748409295806894,98.08669686860186,98.08669686860186
0.005623413251903491,0.003924189758484536,40.8281266139033,0.12106640358594825,60.80706045983971,0.17684240653196548,59.25258518301368,98.0867150898054,98.0867150898054
0.005623413251903491,0.008659643233600654,40.828139765229274,0.12106641496660457,60.80706741530254,0.1636015616204037,54.81612702208783,98.0867467057174,98.0867467057174
0.005623413251903491,0.019109529749704406,40.828159130307775,0.12106643667922268,60.80707818924119,0.14331207706451626,48.01795727150949,98.0867932657161,98.0867932657161
0.005623413251903491,0.042169650342858224,40.828182692855314,0.12106646124568818,60.80709061745348,0.11673928642307617,39.11451318552744,98.08684982428224,98.08684982428224
0.005623413251903491,0.0930572040929699,40.828210564042735,0.1210664557006797,60.80708780881187,0.08010200402094461,26.838873008288566,98.0869167370789,98.0869167370789
0.005623413251903491,0.2053525026457146,40.82823406626047,0.12106652015373412,60.80711987287693,0.04242145449694004,14.21367714788905,98.08697320693103,98.08697320693103
0.005623413251903491,0.4531583637600818,40.828244457972296,0.12106651751790665,60.80712000887296,0.020953813534165422,7.020757579973722,98.08699822756408,98.08699822756408
0.005623413251903491,1.0,40.82824905004056,0.12106653857168498,60.80712930160255,0.010033123847842827,3.3616853901953814,98.08700979510996,98.08700979510996
0.012409377607517195,0.0,33.86246200992581,0.11181654751895499,56.16120978924246,0.1847567607307327,61.90435914472155,98.40923418709018,98.40923418709018
0.012409377607517195,0.0017782794100389228,33.86246702171474,0.11181655236860773,56.16121259029028,0.17759659530713245,59.505285001884175,98.40924870711923,98.40924870711923
0.012409377607517195,0.003924189758484536,33.86247209987822,0.11181656094798552,56.16121622647567,0.17021182544182228,57.030952203113614,98.4092635119978,98.4092635119978
0.012409377607517195,0.008659643233600654,33.862480858472296,0.11181657204824902,56.16122222391697,0.15722884149385621,52.680888132426645,98.40928896701111,98.40928896701111
0.012409377607517195,0.019109529749704406,33.86249397619186,0.1118165917023117,56.161231748199654,0.1375368105457206,46.08290453693781,98.40932596046214,98.40932596046214
0.012409377607517195,0.042169650342858224,33.86250909051831,0.11181661095895075,56.16124175283366,0.11159391827301321,37.39051259548519,98.4093710161847,98.4093710161847
0.012409377607517195,0.0930572040929699,33.86252835840824,0.11181664408672207,56.161256395740324,0.07416956205529375,24.85114637659016,98.40942703730954,98.40942703730954
0.012409377607517195,0.2053525026457146,33.86254268053763,0.11181665944648847,56.161266064755424,0.03916522229534361,13.122648275329063,98.40946863235686,98.40946863235686
0.012409377607517195,0.4531583637600818,33.862549205969145,0.11181666150350297,56.161268126897966,0.01937839431141256,6.492899304207136,98.40948756133875,98.40948756133875
0.012409377607517195,1.0,33.86255225923977,0.11181668865461107,56.161279701983474,0.009282904871527938,3.1103180786488247,98.40949648069196,98.40949648069196
0.027384196342643614,0.0,24.57834967136239,0.0958465497978044,48.140085599279224,0.17228600347230233,57.725923500382834,98.56078345634498,98.56078345634498
0.027384196342643614,0.0017782794100389228,24.578352836146987,0.09584655019461082,48.14008626608681,0.165171774479205,55.34223630134845,98.56079614792453,98.56079614792453
0.027384196342643614,0.003924189758484536,24.578356011505985,0.09584655593283578,48.14008947335192,0.15796699886965096,52.92821634709917,98.56080888057886,98.56080888057886
0.027384196342643614,0.008659643233600654,24.578361353751312,0.095846567793781,48.14009489140077,0.14553356268272402,48.76228573859864,98.56083030332147,98.56083030332147
0.027384196342643614,0.019109529749704406,24.57836897578306,0.0958465829150312,48.140102751383324,0.12692641574695737,42.52779953006754,98.56086087031414,98.56086087031414
0.027384196342643614,0.042169650342858224,24.578378543122223,0.09584660145086339,48.1401122813982,0.10145563934623693,33.993595911529155,98.56089923682079,98.56089923682079
0.027384196342643614,0.0930572040929699,24.578390701248974,0.09584665261538645,48.140137113193134,0.06359934704412361,21.309514879961032,98.56094798866933,98.56094798866933
0.027384196342643614,0.2053525026457146,24.578398188223662,0.09584664161059703,48.140132066175006,0.033572309860729566,11.24869441221297,98.56097801115871,98.56097801115871
0.027384196342643614,0.4531583637600818,24.57840173530767,0.09584665045358505,48.140135853724225,0.01665848928415432,5.581571808854857,98.56099224524304,98.56099224524304
0.027384196342643614,1.0,24.5784033692874,0.09584665208063295,48.14013721031685,0.007983993921115514,2.675106580300425,98.56099878077524,98.56099878077524
0.060429639023813285,0.0,15.307127410520057,0.07306881374262358,36.699694245155314,0.15189119198052153,50.89246401500303,98.61819630915208,98.61819630915208
0.060429639023813285,0.0017782794100389228,15.307129170558811,0.07306882438769624,36.699698528131364,0.14500862670844333,48.58640107652165,98.61820764741444,98.61820764741444
0.060429639023813285,0.003924189758484536,15.307130863394981,0.07306882959351141,36.69970110210053,0.13821766832394256,46.311032008376635,98.61821855402447,98.61821855402447
0.060429639023813285,0.008659643233600654,15.307133637607414,0.07306883816020167,36.69970539369385,0.12674213197551612,42.46605471358823,98.61823642740352,98.61823642740352
0.060429639023813285,0.019109529749704406,15.307137603555345,0.07306884973051588,36.69971145897712,0.1093832818594965,36.64981896887549,98.61826197849918,98.61826197849918
0.060429639023813285,0.042169650342858224,15.307143320991099,0.07306886580057545,36.699719456718114,0.08145339264488122,27.291667020786274,98.61829881022412,98.61829881022412
0.060429639023813285,0.0930572040929699,15.30714895069833,0.07306888364365477,36.699728732609266,0.048355199028550976,16.20183194161256,98.61833507949738,98.61833507949738
0.060429639023813285,0.2053525026457146,15.307152090703541,0.07306889422601442,36.69973360743514,0.025647196551579914,8.593316285444612,98.61835529535428,98.61835529535428
0.060429639023813285,0.4531583637600818,15.307153628659012,0.07306890124416125,36.69973692980799,0.012772296718677075,4.279469132740697,98.61836522506827,98.61836522506827
0.060429639023813285,1.0,15.307154356076381,0.07306890190771824,36.699737402634085,0.006121170474011835,2.0509513959129997,98.61836990401035,98.61836990401035
0.1333521432163324,0.0,8.352534196772618,0.04803671203406526,24.127018083667984,0.12391025927132468,41.51720972877379,98.63570106164781,98.63570106164781
0.1333521432163324,0.0017782794100389228,8.352535003768901,0.048036715103320915,24.12701956905816,0.11741587612552767,39.34121054048437,98.63571059317849,98.63571059317849
0.1333521432163324,0.003924189758484536,8.352535779354584,0.048036719466265164,24.12702172957124,0.11102239199570998,37.199018029759785,98.63571975261709,98.63571975261709
0.1333521432163324,0.008659643233600654,8.352537105782417,0.04803672456534395,24.127024731999292,0.09960428817484174,33.373282103759735,98.63573541648155,98.63573541648155
0.1333521432163324,0.019109529749704406,8.35253926274507,0.04803673513816213,24.12702949795649,0.0794119701696236,26.60767222737897,98.63576088823643,98.63576088823643
0.1333521432163324,0.042169650342858224,8.352541645169595,0.048036746394685796,24.127035315912675,0.05370497072137306,17.99431724180381,98.63578902003276,98.63578902003276
0.1333521432163324,0.0930572040929699,8.352543249024876,0.04803668704828409,24.127009594611756,0.0317634991220122,10.642636723137079,98.63580796513818,98.63580796513818
0.1333521432163324,0.2053525026457146,8.352544344660355,0.0480367577041027,24.127041021717858,0.016975161706553617,5.687675527021779,98.63582090092814,98.63582090092814
0.1333521432163324,0.4531583637600818,8.35254486223093,0.048036760480356155,24.127042397143107,0.008475289453304616,2.839719478101238,98.63582701272668,98.63582701272668
0.1333521432163324,1.0,8.352545122073767,0.048036765051860615,24.127044582785864,0.004055089517199219,1.3586930043332064,98.63583008037948,98.63583008037948
0.29427271762092816,0.0,4.170716722178037,0.027402331224048296,13.763151538366461,0.08714054482158111,29.19719736602058,98.64022679154704,98.64022679154704
0.29427271762092816,0.0017782794100389228,4.170717150776858,0.027402338380771114,13.763154955571126,0.07888320307472255,26.430503859724542,98.64023692797687,98.64023692797687
0.29427271762092816,0.003924189758484536,4.170717522656608,0.027402338451544588,13.763155245674781,0.07121076177264667,23.85978435625606,98.64024572123678,98.64024572123678
0.29427271762092816,0.008659643233600654,4.170718053455652,0.027402342180076065,13.763156911265783,0.059605586877185895,19.97137027568099,98.64025827731574,98.64025827731574
0.29427271762092816,0.019109529749704406,4.170718652193556,0.02740234589789517,13.763158779261824,0.04525011835851828,15.161445517120642,98.64027243793493,98.64027243793493
0.29427271762092816,0.042169650342858224,4.170719196542405,0.02740234665045194,13.76315921707233,0.03056715103032724,10.241789641721756,98.64028531577533,98.64028531577533
0.29427271762092816,0.0930572040929699,4.170719610898011,0.027402351003904618,13.763161364554549,0.018246370154541572,6.113604987697012,98.64029511117913,98.64029511117913
0.29427271762092816,0.2053525026457146,4.170719861755252,0.027402346519093183,13.763159288760018,0.009800891673178769,3.2838739838756275,98.64030104416739,98.64030104416739
0.29427271762092816,0.4531583637600818,4.170720011167204,0.027402353935795657,13.763162821023437,0.004889860905787042,1.638390410476756,98.64030459451095,98.64030459451095
0.29427271762092816,1.0,4.170720086989588,0.02740235727535128,13.76316440164524,0.0023312930134483396,0.7811199952077632,98.64030637180225,98.64030637180225
0.6493816315762113,0.0,1.9814818596882935,0.014109235152189942,7.086534329929933,0.045597799759623456,15.277939993269403,98.64129986912546,98.64129986912546
0.6493816315762113,0.0017782794100389228,1.9814819827547834,0.014109265991109536,7.086549053756664,0.040685712187700764,13.632101660908967,98.64130599894104,98.64130599894104
0.6493816315762113,0.003924189758484536,1.9814820570963712,0.01410926665078172,7.086549427268917,0.03652435701212115,12.23780354625525,98.64130969961258,98.64130969961258
0.6493816315762113,0.008659643233600654,1.9814821577960724,0.014109266239161058,7.0865491698191985,0.03055246693881909,10.236869798679656,98.64131471228853,98.64131471228853
0.6493816315762113,0.019109529749704406,1.9814822748439425,0.01410926703080562,7.086549563309184,0.023323223663625013,7.8146489013341105,98.64132053964968,98.64132053964968
0.6493816315762113,0.042169650342858224,1.981482388382211,0.014109267808182526,7.086549954212688,0.01587877805094361,5.3203226552582095,98.64132618433374,98.64132618433374
0.6493816315762113,0.0930572040929699,1.9814824793804426,0.014109268354144918,7.086550230266168,0.009526164483119963,3.1918242459903374,98.64133072137847,98.64133072137847
0.6493816315762113,0.2053525026457146,1.981482539904807,0.014109268840529526,7.086550475005997,0.005116150581414753,1.7142107435314238,98.64133373426687,98.64133373426687
0.6493816315762113,0.4531583637600818,1.9814825736208774,0.014109268656631683,7.0865504020163685,0.002543123258585562,0.852095564360656,98.64133541547379,98.64133541547379
0.6493816315762113,1.0,1.9814825917536694,0.01410926938827621,7.086550742359577,0.0012075084394834036,0.40458620330719436,98.64133631562686,98.64133631562686
1.4330125702369627,0.0,0.9180619307919698,0.006861005233398988,3.4460226425024656,0.02230033284764638,7.471920422658021,98.64154456052334,98.64154456052334
1.4330125702369627,0.0017782794100389228,0.9180619476710519,0.006861005045891715,3.4460225689073325,0.01989803337634676,6.667009124487773,98.64154637420899,98.64154637420899
1.4330125702369627,0.003924189758484536,0.9180619621638141,0.0068610054935185315,3.4460227872569944,0.017879606391410133,5.990717596072135,98.641547931585,98.641547931585
1.4330125702369627,0.008659643233600654,0.9180619802037081,0.006861003936161025,3.446021993324312,0.014992529167996248,5.023377263626435,98.64154986949771,98.64154986949771
1.4330125702369627,0.019109529749704406,0.9180620054981962,0.006861005907664582,3.4460229825575026,0.01148537801845103,3.848275780475462,98.64155258724293,98.64155258724293
1.4330125702369627,0.042169650342858224,0.9180620310004131,0.006861008098928469,3.4460239839094133,0.007839019625096458,2.6265316876002425,98.6415553272655,98.6415553272655
1.4330125702369627,0.0930572040929699,0.9180620533310916,0.006861010543161015,3.4460253099738987,0.004700014796819462,1.574780831585269,98.64155772677256,98.64155772677256
1.4330125702369627,0.2053525026457146,0.9180620622209595,0.0068610062725632335,3.4460231609541707,0.002515291906759483,0.8427704210265186,98.6415586819448,98.6415586819448
1.4330125702369627,0.4531583637600818,0.9180620701400977,0.006861006565038327,3.4460233018880735,0.001245038230307748,0.41716088633978254,98.64155953281745,98.64155953281745
1.4330125702369627,1.0,0.9180620740176461,0.006861006530227233,3.4460232885799558,0.0005893033622883876,0.19745121616076827,98.6415599494442,98.6415599494442
3.1622776601683795,0.0,0.4202986065381262,0.0032650041949700485,1.6398877381517831,0.010776605529003457,3.6107953991330883,98.64160012206175,98.64160012206175
3.1622776601683795,0.0017782794100389228,0.42029861001017277,0.003265004225873209,1.6398877531916891,0.009612118313122408,3.220623829476722,98.64160093693995,98.64160093693995
3.1622776601683795,0.003924189758484536,0.4202986128263754,0.003265004128239708,1.6398877284602777,0.008636771680848563,2.893825483802193,98.64160159632056,98.64160159632056
3.1622776601683795,0.008659643233600654,0.4202986167987647,0.003265004097580306,1.6398876980400616,0.007243351219508374,2.426947829604355,98.64160253054962,98.64160253054962
3.1622776601683795,0.019109529749704406,0.4202986218087092,0.003265004269167298,1.6398877802714786,0.005548490953359466,1.8590701406144279,98.64160370578405,98.64160370578405
3.1622776601683795,0.042169650342858224,0.42029862642683447,0.0032650038811052164,1.639887595118158,0.0037817843003049214,1.2671197165681145,98.64160478977485,98.64160478977485
3.1622776601683795,0.0930572040929699,0.42029863119282324,0.003265004464898939,1.6398878742947072,0.0022604324159099264,0.7573775357422613,98.64160590841136,98.64160590841136
3.1622776601683795,0.2053525026457146,0.4202986361393745,0.003265006676144381,1.6398889309164948,0.0012051651496131546,0.40380105403008204,98.64160706930569,98.64160706930569
3.1622776601683795,0.4531583637600818,0.42029863557116653,0.003265004263460845,1.6398877798047473,0.0005947293380429614,0.19926923657039894,98.64160693596084,98.64160693596084
3.1622776601683795,1.0,0.42029863712794824,0.0032650050062209526,1.6398881433476886,0.0002809695855810204,0.09414130271395249,98.64160730131269,98.64160730131269
