RAFi_0_uM,MEKi_0_uM,Active_RAF_percent,pMEK,pMEK_percent,pERK,pERK_percent,Bound_CRAF_percent,Bound_RAF_percent
0.0,0.0,24.296011395386618,0.055956860408493854,28.10500815605333,0.13365901248003226,44.78361441232319,15.911576861554938,15.911576861554936
0.0,0.0017782794100389228,24.29601055927934,0.021835671465250325,10.967229787890162,0.06704302864169973,22.463349748567175,15.911576680932281,15.911576680932281
0.0,0.003924189758484536,24.296011414946225,0.012692334308720908,6.3748780141342625,0.03676871942382764,12.319679174695697,15.911576980588078,15.911576980587991
0.0,0.008659643233600654,24.29600872853915,0.007081956435502772,3.5569980588584067,0.018392284694771877,6.162494940464038,15.911576239406834,15.911576239406836
0.0,0.019109529749704406,24.29601104816121,0.004140309638292585,2.079520552949198,0.00877087485980336,2.9387579833726476,15.911572070939352,15.911572070939354
0.0,0.042169650342858224,24.296007491599624,0.00271065454702668,1.361458923274093,0.004057747265162493,1.3595834920741516,15.9115781097322,15.9115781097322
0.0,0.0930572040929699,24.29601174932736,0.0020337965720318056,1.0214988445705846,0.0018385755463378223,0.616030721274689,15.911578755772261,15.911578755772254
0.0,0.2053525026457146,24.296011891328323,0.0017041054908197408,0.8559075114203193,0.0008192420709200238,0.2744941772832791,15.911580649787181,15.911580649787117
0.0,0.4531583637600818,24.296010991688696,0.0015161943494366508,0.7615269026644303,0.00035708405768204943,0.11964411882923602,15.91157676071744,15.911576760717352
0.0,1.0,24.296012300642648,0.0013623007127458008,0.6842319350483096,0.00014982295647096773,0.05019948363910156,15.91158208713042,15.91158208713036
0.005623413251903491,0.0,36.1546889632037,0.030392948699487967,15.265225138162666,0.0947241311934246,31.73814383112986,84.17839398678004,84.17839398679315
0.005623413251903491,0.0017782794100389228,36.15468898243947,0.010344624602865561,5.1957124870799865,0.03180187529726671,10.655494882929005,84.17839407144079,84.17839407143926
0.005623413251903491,0.003924189758484536,36.15468895654643,0.0059259476657958525,2.976378707870576,0.01734232065851755,5.8106953579432865,84.17839399579245,84.1783939957919
0.005623413251903491,0.008659643233600654,36.15468862253073,0.003288133720369738,1.6515048248826247,0.008684360312152974,2.9097704274569494,84.1783936568499,84.17839365686287
0.005623413251903491,0.019109529749704406,36.15468894588404,0.001918298167109268,0.9634883919731551,0.0041261546466830265,1.3825039919494502,84.17839444133277,84.17839444133631
0.005623413251903491,0.042169650342858224,36.154700139589835,0.0012547551791829228,0.630215452478829,0.0018972966991128572,0.6357054394601227,84.17844677694883,84.17844677705743
0.005623413251903491,0.0930572040929699,36.15468939886974,0.0009410087296018185,0.47263297860573483,0.0008553516297204816,0.28659300023019124,84.1783953176468,84.17839531799059
0.005623413251903491,0.2053525026457146,36.154688956052134,0.0007882820417448095,0.3959241644594972,0.0003799755276633754,0.12731410506412866,84.17839402475073,84.17839402445566
0.005623413251903491,0.4531583637600818,36.15468890922038,0.0007012724012968885,0.35222252225413164,0.00016535931979063073,0.0554050779971177,84.17839401989505,84.17839402042755
0.005623413251903491,1.0,36.154690516394744,0.0006300438187961005,0.31644707069024985,6.932680495236486e-05,0.023228546426424707,84.17840212410557,84.17840212389886
0.012409377607517195,0.0,30.52433619220762,0.024953068538760843,12.53297967811367,0.08012194853855352,26.845555656099805,86.67254174620597,86.67254174623486
0.012409377607517195,0.0017782794100389228,30.524275336660992,0.008272387953568631,4.154906666450278,0.025493714443238853,8.541890699947327,86.67255717867576,86.67255717851233
0.012409377607517195,0.003924189758484536,30.524310502702132,0.004727453983634048,2.3744207722885577,0.013901302697286535,4.657752328447685,86.67254729400085,86.67254729400078
0.012409377607517195,0.008659643233600654,30.52432039832802,0.002620596585449717,1.3162262395897428,0.006955445998183332,2.3304826568938064,86.67254460785243,86.67254460785209
0.012409377607517195,0.019109529749704406,30.52432345130865,0.0015281814444659276,0.7675475668167872,0.0032987531923803944,1.1052759437007498,86.67254491434906,86.67254491435787
0.012409377607517195,0.042169650342858224,30.518877024434676,0.0009990792555052848,0.5017996678542528,0.0015138180114862418,0.5072179290823275,86.67387349322945,86.67387349323178
0.012409377607517195,0.0930572040929699,30.518877487434963,0.0007491111290854627,0.37625010291395994,0.0006816371290367512,0.22838844558927163,86.67387990076661,86.67387990077457
0.012409377607517195,0.2053525026457146,30.518877398847057,0.0006274480249461185,0.31514334591231163,0.00030259844288353454,0.10138824019306181,86.67387927514133,86.67387927474287
0.012409377607517195,0.4531583637600818,30.518877622377765,0.0005581499468488753,0.2803375398704918,0.00013164035964303278,0.04410724658834622,86.67388057585264,86.6738805758554
0.012409377607517195,1.0,30.518878107986236,0.0005014382877352534,0.2518534159135317,5.518090303269316e-05,0.018488841072374616,86.67388317762364,86.67388317762597
0.027384196342643614,0.0,22.313468196014913,0.0182468728517876,9.164712001661774,0.058999583916384726,19.768323648074393,87.86968907510486,87.86968907512501
0.027384196342643614,0.0017782794100389228,22.313521480900523,0.005864968890952919,2.9457514369705384,0.018180571807406568,6.091558670419828,87.86968442304847,87.86968442304726
0.027384196342643614,0.003924189758484536,22.313493683242502,0.0033426900884633085,1.6789064197910881,0.009906655958567549,3.3193112242683425,87.86968663682465,87.86968663682292
0.027384196342643614,0.008659643233600654,22.31349183356252,0.001850900028414901,0.9296368623687158,0.004946558514569233,1.6573874396659594,87.86968688271394,87.8696868827148
0.027384196342643614,0.019109529749704406,22.31346979316427,0.0010786757293166685,0.5417779046239746,0.0023391207478561616,0.7837427538853882,87.86968801516629,87.86968801517126
0.027384196342643614,0.042169650342858224,22.31344264534043,0.000705018743106049,0.3541041817042451,0.001070954647666453,0.3588326716921165,87.86971524804788,87.86971524804954
0.027384196342643614,0.0930572040929699,22.313439106351435,0.0005284206624364103,0.26540565126568616,0.00048142959203301193,0.16130717020506424,87.86969125378586,87.86969125379744
0.027384196342643614,0.2053525026457146,22.31343917805638,0.00044248465269501494,0.22224325096933314,0.000213522041237995,0.07154241601973194,87.86969141118362,87.8696914112378
0.027384196342643614,0.4531583637600818,22.31343912391537,0.00039355594942741366,0.19766822314836255,9.284507061510823e-05,0.03110854847425861,87.86969138292865,87.86969138292179
0.027384196342643614,1.0,22.31343833271353,0.0003535403013646041,0.17756990952955495,3.890977484493422e-05,0.013037059066859598,87.86968586053075,87.86968586051945
0.060429639023813285,0.0,13.923386405185116,0.011555988599408262,5.804134694018213,0.03735502290072307,12.516125281959685,88.32646442635651,88.32646442635807
0.060429639023813285,0.0017782794100389228,13.923385974545175,0.003610219989839939,1.8132765451294304,0.011309345328584295,3.7892944522031953,88.32646551850581,88.32646551850732
0.060429639023813285,0.003924189758484536,13.923384713281669,0.002052894602025848,1.0310910776732929,0.0061487249806096945,2.060183772891425,88.32646474834793,88.32646474833845
0.060429639023813285,0.008659643233600654,13.923384612942609,0.001135481564138004,0.5703093318032978,0.003058734268906629,1.0248555380201136,88.32646290191316,88.32646290191308
0.060429639023813285,0.019109529749704406,13.92338480526154,0.0006611870498915203,0.33208917567470386,0.0014406805262003807,0.482712542392478,88.3264640018904,88.32646400189041
0.060429639023813285,0.042169650342858224,13.92337849331267,0.00043178050022996063,0.21686693465420542,0.000657562789016007,0.22032211066119006,88.326399925982,88.32639992598325
0.060429639023813285,0.0930572040929699,13.923384959238687,0.0003233776658923196,0.1624203307037955,0.0002949897892630469,0.09883889525696432,88.32646556424213,88.32646556424201
0.060429639023813285,0.2053525026457146,13.923384706123091,0.0002706419711478233,0.13593319981849317,0.00013067573420196498,0.04378404198503009,88.32646299447175,88.32646299447093
0.060429639023813285,0.4531583637600818,13.923384862546202,0.0002406403660075772,0.12086452675351658,5.678523594480836e-05,0.01902638709262689,88.32646471357266,88.32646471357113
0.060429639023813285,1.0,13.923385117224665,0.0002161381499276618,0.10855798795896636,2.3790304417710597e-05,0.007971148399024507,88.32646713989371,88.32646713989448
0.1333521432163324,0.0,7.597710609271006,0.006408347758313612,3.2186699510442596,0.02085326521102716,6.987067824768017,88.4659022978592,88.46590229785896
0.1333521432163324,0.0017782794100389228,7.597710552738058,0.001966868330853624,0.9878833353257473,0.006243998383281324,2.0921059569588407,88.46590191096489,88.46590191096493
0.1333521432163324,0.003924189758484536,7.597710544504072,0.0011170448157961533,0.5610492342299016,0.0033818637320107243,1.1331228520259717,88.46590184375079,88.46590184374718
0.1333521432163324,0.008659643233600654,7.59771015186052,0.0006172744563916404,0.310033571093334,0.0016744973328815648,0.5610549309015852,88.4658966326851,88.46589663268514
0.1333521432163324,0.019109529749704406,7.5977105011127515,0.0003589715050719269,0.1802977721414962,0.0007852804815985266,0.26311505427718784,88.46590104417724,88.46590104417663
0.1333521432163324,0.042169650342858224,7.597711469906612,0.00023403319059624964,0.11754595629794719,0.0003571586324650579,0.11966907989939404,88.46591807999724,88.46591807999634
0.1333521432163324,0.0930572040929699,7.597710551947423,0.00017499868611081605,0.08789520107316015,0.00015980666602645783,0.053544613046942156,88.46590192163593,88.46590192163829
0.1333521432163324,0.2053525026457146,7.597710553903539,0.00014629311335777413,0.07347748075310223,7.067226937490089e-05,0.023679358339966126,88.4659019747139,88.46590197471384
0.1333521432163324,0.4531583637600818,7.597710559640362,0.0001299895520569263,0.06528882076659366,3.068167509348557e-05,0.010280162045306789,88.46590190187302,88.46590190187304
0.1333521432163324,1.0,7.597710676666711,0.0001167143731644365,0.058621199294484956,1.2848061877031073e-05,0.004304854798021291,88.46590421556297,88.46590421556297
0.29427271762092816,0.0,3.792645982637814,0.0032381174807732905,1.6263835531313815,0.010689865289082084,3.581732310458486,88.50167643621722,88.50167643621887
0.29427271762092816,0.0017782794100389228,3.792645990561664,0.00099148078322611,0.4979831824862637,0.0031853796304756174,1.0672891336861996,88.50167681741152,88.5016768174127
0.29427271762092816,0.003924189758484536,3.7926459695487744,0.0005632347954127034,0.28289147042825685,0.0017193407305637252,0.5760800621287455,88.50167605615849,88.50167605615852
0.29427271762092816,0.008659643233600654,3.7926459882967354,0.0003109674580768891,0.15618715551510515,0.000847769862980502,0.2840526641187674,88.5016762351293,88.50167623512864
0.29427271762092816,0.019109529749704406,3.7926459477763537,0.00018041101208187652,0.09061361051421582,0.0003957927139106566,0.13261379490693959,88.50167528748413,88.50167528748406
0.29427271762092816,0.042169650342858224,3.792645993883072,0.00011721631959960868,0.0588733118212887,0.00017918486029762777,0.06003744649470906,88.50167561492609,88.50167561492229
0.29427271762092816,0.0930572040929699,3.792645970436458,8.735157123832349e-05,0.043873380355237225,7.984626103161762e-05,0.026753183961012346,88.50167603456465,88.50167603456401
0.29427271762092816,0.2053525026457146,3.7926459637165766,7.284261043483645e-05,0.03658608015805985,3.5207709598512725e-05,0.011796649473473912,88.50167593061389,88.50167593061387
0.29427271762092816,0.4531583637600818,3.7926460807826268,6.463107631451178e-05,0.03246173509300649,1.525887075959123e-05,0.005112617027891317,88.50168027338353,88.50168027338354
0.29427271762092816,1.0,3.7926460339844814,5.798805684721732e-05,0.029125200126454778,6.384115447740466e-06,0.0021390533993273712,88.50167833208535,88.50167833208533
0.6493816315762113,0.0,1.8014491715805314,0.001552924313886137,0.7799748781240333,0.005207095149193427,1.7446823761916603,88.50991209919158,88.5099120991898
0.6493816315762113,0.0017782794100389228,1.801449076202672,0.000483683566994477,0.24293590958793487,0.0015667578294658103,0.5249558403343058,88.50990497900217,88.50990497900231
0.6493816315762113,0.003924189758484536,1.8014490899976863,0.0002754294102548661,0.13833774399972787,0.0008452284402185675,0.28320113868079355,88.50990599004592,88.50990599004578
0.6493816315762113,0.008659643233600654,1.8014491047387136,0.00015190320280275468,0.0762952154660993,0.00041549582263310247,0.13921548732815286,88.50990679011748,88.5099067901171
0.6493816315762113,0.019109529749704406,1.801449081754762,8.771320056156922e-05,0.04405501367932129,0.00019287654438736264,0.06462496429333965,88.50990538551585,88.5099053855159
0.6493816315762113,0.042169650342858224,1.8014491360026226,5.657947968482609e-05,0.028417722616740915,8.664637815866803e-05,0.02903162034001033,88.50991031159224,88.50991031159275
0.6493816315762113,0.0930572040929699,1.8014490947550115,4.185853091651496e-05,0.021023951116488075,3.831074337878362e-05,0.012836347029124768,88.50990620323874,88.50990620323871
0.6493816315762113,0.2053525026457146,1.801449090067266,3.471911995336089e-05,0.01743809663619899,1.6793909288230065e-05,0.005626945277932953,88.50990601400116,88.50990601400115
0.6493816315762113,0.4531583637600818,1.801449090519495,3.070800259342253e-05,0.01542346466093349,7.252742603730491e-06,0.002430094472045694,88.50990618435038,88.50990618435033
0.6493816315762113,1.0,1.8014491210770762,2.750746896913268e-05,0.013815957689166906,3.0289341704443315e-06,0.0010148707264379252,88.50990827782756,88.50990827782759
1.4330125702369627,0.0,0.8345438696729942,0.0007276293919580004,0.36546063962376113,0.0024683117436530536,0.8270293142832607,88.51169101463238,88.51169101463223
1.4330125702369627,0.0017782794100389228,0.83454386970466,0.00023726784934999769,0.11917064051112423,0.0007723222736473799,0.25877329351580364,88.51169113283325,88.51169113283385
1.4330125702369627,0.003924189758484536,0.8345438683062314,0.00013596815614746915,0.06829164626012847,0.0004186498406569149,0.1402722695131932,88.51169085266407,88.51169085266505
1.4330125702369627,0.008659643233600654,0.8345438677642537,7.488980042314632e-05,0.03761430665397121,0.00020540005041115827,0.06882107428580335,88.51169029133351,88.51169029133224
1.4330125702369627,0.019109529749704406,0.8345438482751908,4.285115786199134e-05,0.021522512325385965,9.44874582383779e-05,0.03165884634978535,88.5116877175258,88.5116877175252
1.4330125702369627,0.042169650342858224,0.834543941629837,2.7239558987508348e-05,0.013681393821782958,4.183083324198579e-05,0.01401578242137506,88.51170320984288,88.51170320984336
1.4330125702369627,0.0930572040929699,0.8345438681583968,1.9847971717844354e-05,0.009968883294737654,1.8206846738966843e-05,0.006100362354112459,88.51169092119513,88.51169092119524
1.4330125702369627,0.2053525026457146,0.8345438755111476,1.627478977945273e-05,0.008174209436126165,7.883627273599517e-06,0.0026414778394705076,88.51169139860683,88.5116913986068
1.4330125702369627,0.4531583637600818,0.8345438825146069,1.4296104733040518e-05,0.007180390764763811,3.3790957153787095e-06,0.001132195374056445,88.51169310905289,88.51169310905306
1.4330125702369627,1.0,0.8345438869291906,1.276115443621382e-05,0.006409443351097097,1.4056657664918848e-06,0.0004709805298749696,88.5116937978187,88.51169379781928
3.1622776601683795,0.0,0.38203945209211526,0.00033975714075821107,0.1706471304104449,0.0011605076954250735,0.38883820915672385,88.51206247184174,88.51206247184169
3.1622776601683795,0.0017782794100389228,0.3820394605891361,0.0001212366272777678,0.06089256063712703,0.0003957964159324305,0.13261503120531773,88.51206351244926,88.51206351244902
3.1622776601683795,0.003924189758484536,0.38203948889866485,7.048174408117634e-05,0.0354003062725634,0.00021758064566210916,0.07290228752149562,88.5120672881614,88.51206728816123
3.1622776601683795,0.008659643233600654,0.38203947761140555,3.881150484276497e-05,0.01949354774023569,0.00010678110972155001,0.035777939238450046,88.51206389252263,88.51206389252205
3.1622776601683795,0.019109529749704406,0.3820394856760472,2.186463678793413e-05,0.01098177758341221,4.841591247706288e-05,0.016222172569953796,88.5120666023511,88.5120666023511
3.1622776601683795,0.042169650342858224,0.38203949408426957,1.352412084073745e-05,0.006792652715768123,2.087134866828108e-05,0.006993126601492646,88.51206877439105,88.51206877438999
3.1622776601683795,0.0930572040929699,0.3820394857676464,9.56205310229236e-06,0.00480265643070484,8.809937451917695e-06,0.002951846120874692,88.51206686858019,88.51206686858019
3.1622776601683795,0.2053525026457146,0.3820394863249333,7.656592449187762e-06,0.0038456159150319327,3.71985752138427e-06,0.0012463706180694625,88.5120668302408,88.51206683024076
3.1622776601683795,0.4531583637600818,0.3820394868101465,6.628016932175841e-06,0.003329001392889165,1.5691461714845577e-06,0.0005257560630735594,88.51206700549469,88.51206700549471
3.1622776601683795,1.0,0.3820394916480423,5.871443809142938e-06,0.0029490034008308273,6.472360129617081e-07,0.0002168620533021907,88.51206866649267,88.51206866649264
