RAFi_0_uM,MEKi_0_uM,pMEK,pMEK_obs,pERK,pERK_obs
0.0,0.0,0.07971194351404559,0.400362852305606,0.15821823197305612,0.5301239449823241
0.0,0.0017782794100389228,0.0817276988481874,0.4104872399396201,0.15306322088835686,0.5128516441578583
0.0,0.003924189758484536,0.08379738701253167,0.42088247156099157,0.14789306240700942,0.4955286010671735
0.0,0.008659643233600654,0.08749161338787201,0.43943718874801035,0.13894559396405393,0.4655493275378047
0.0,0.019109529749704406,0.09344303748626748,0.4693289267816564,0.12518856250825555,0.41945516604927024
0.0,0.042169650342858224,0.10235401666026736,0.5140853964862105,0.10579434836348442,0.3544731632602973
0.0,0.0930572040929699,0.116440210454975,0.5848350043068741,0.07712181993624424,0.25840336467365316
0.0,0.2053525026457146,0.1322218250386352,0.6640998387885847,0.0463546342967774,0.15531525401856539
0.0,0.4531583637600818,0.14325156985312054,0.7194979454544258,0.024735231803968773,0.082877505599044
0.0,1.0,0.14938657504763267,0.7503120928537929,0.012322708901482647,0.04128830771636168
0.005623413251903491,0.0,0.11258572958843291,0.5654754286748171,0.18532658295326337,0.6209528425416725
0.005623413251903491,0.0017782794100389228,0.112904676638851,0.5670773299875219,0.17840092650851336,0.5977477914527648
0.005623413251903491,0.003924189758484536,0.11323391465790768,0.5687310236000103,0.171246280282671,0.5737755679714744
0.005623413251903491,0.008659643233600654,0.11381462932100138,0.5716477020338577,0.15862496115609193,0.5314868584194096
0.005623413251903491,0.019109529749704406,0.114700293440051,0.5760960543820929,0.13935879309285454,0.46693374871859145
0.005623413251903491,0.042169650342858224,0.11586938617364112,0.5819679669744109,0.11389213308671492,0.3816054943794805
0.005623413251903491,0.0930572040929699,0.11752011169328519,0.590258934393106,0.07785183950111244,0.2608493572719034
0.005623413251903491,0.2053525026457146,0.11916823151531167,0.598536818607985,0.04175199294279168,0.13989368297463875
0.005623413251903491,0.4531583637600818,0.12012229643249281,0.6033287256069501,0.02079295706885751,0.06966861098194371
0.005623413251903491,1.0,0.12061298874534059,0.6057931646188048,0.009996369229206478,0.03349370004370752
0.012409377607517195,0.0,0.1049373482371467,0.5270604869156087,0.17954003996075812,0.6015645070463496
0.012409377607517195,0.0017782794100389228,0.10520390740380751,0.5283993146245219,0.17259404338873563,0.5782913507763435
0.012409377607517195,0.003924189758484536,0.1054769463287829,0.5297706841501627,0.1654795920704575,0.5544537659525265
0.012409377607517195,0.008659643233600654,0.10595416991761712,0.5321676033006929,0.15304421275613442,0.5127881425125407
0.012409377607517195,0.019109529749704406,0.10669428163748614,0.5358848986396247,0.13422970844708998,0.449748309905098
0.012409377607517195,0.042169650342858224,0.10765554079138924,0.5407129381002393,0.10913763127085144,0.36567512435726773
0.012409377607517195,0.0930572040929699,0.10906289515019794,0.5477815802056699,0.07236649094153355,0.24247022085347086
0.012409377607517195,0.2053525026457146,0.11035134543877478,0.5542529049804833,0.03865002608916672,0.12950027027863725
0.012409377607517195,0.4531583637600818,0.11109161459978079,0.5579710335700192,0.019254759182184913,0.06451474502883857
0.012409377607517195,1.0,0.11147306266439375,0.559886877337306,0.009254958071837651,0.031009540868103293
0.027384196342643614,0.0,0.09008686556064704,0.4524721482709984,0.16745377677853696,0.5610684396106481
0.027384196342643614,0.0017782794100389228,0.09032214748695161,0.45365385347724557,0.16057745925256503,0.5380287191936127
0.027384196342643614,0.003924189758484536,0.09055907084433534,0.45484386228075385,0.1536526530987699,0.5148265875014659
0.027384196342643614,0.008659643233600654,0.09096691325162021,0.4568922945738676,0.14174894242825636,0.47494230850501024
0.027384196342643614,0.019109529749704406,0.09157867765201928,0.4599649557507665,0.12391005509964242,0.41517141454103246
0.027384196342643614,0.042169650342858224,0.0924357374442725,0.4642696414233961,0.09895930373102153,0.3315717523236351
0.027384196342643614,0.0930572040929699,0.09370204086984092,0.47062975511800437,0.062164961694704035,0.20828910605762394
0.027384196342643614,0.2053525026457146,0.09470162735025343,0.47565037747919164,0.03317255609587942,0.11114754105508966
0.027384196342643614,0.4531583637600818,0.09527478527274783,0.4785291035118188,0.016561054414100048,0.05548925308557324
0.027384196342643614,1.0,0.09557171304501072,0.48002043749983453,0.007961585427227238,0.026675983543385743
0.060429639023813285,0.0,0.06859198169386162,0.34451150243410233,0.14741615520874432,0.49393064631939443
0.060429639023813285,0.0017782794100389228,0.06879004191388356,0.3455062774083424,0.14080173646063232,0.4717684564596916
0.060429639023813285,0.003924189758484536,0.06898510280068876,0.34648599929285584,0.13429597202892235,0.4499704136611834
0.060429639023813285,0.008659643233600654,0.06931543623157817,0.34814514023817617,0.12329945730170645,0.4131255576374844
0.060429639023813285,0.019109529749704406,0.06982303952559293,0.3506946848131506,0.10644626039400243,0.3566574830770058
0.060429639023813285,0.042169650342858224,0.07065644634547552,0.35488052536532755,0.07891125545129703,0.2643990235661382
0.060429639023813285,0.0930572040929699,0.07161602600891184,0.35970012973595883,0.04738558678700508,0.1587695292364823
0.060429639023813285,0.2053525026457146,0.07228941680204624,0.3630822336299248,0.02537680397558012,0.08502717545036123
0.060429639023813285,0.4531583637600818,0.07267813165380042,0.36503468429715547,0.012705486936163078,0.042570838857955005
0.060429639023813285,1.0,0.07288108459629242,0.36605403748338894,0.006105749573434849,0.020457844823425813
0.1333521432163324,0.0,0.04520383076728394,0.22704169231718985,0.12012651628603307,0.40249433885990105
0.1333521432163324,0.0017782794100389228,0.04534936984429028,0.22777266442906313,0.11382796739084172,0.3813904856090977
0.1333521432163324,0.003924189758484536,0.04549424013419396,0.22850029834589639,0.10757317394315508,0.3604332625131992
0.1333521432163324,0.008659643233600654,0.04575847789845147,0.22982747397647293,0.09619932834578265,0.3223243227598795
0.1333521432163324,0.019109529749704406,0.04621819699630539,0.23213647006614613,0.07652351406898387,0.2563986883441249
0.1333521432163324,0.042169650342858224,0.04678877673283027,0.23500226676285357,0.05229417874907294,0.17521619306631506
0.1333521432163324,0.0930572040929699,0.047287781287017085,0.23750858593866092,0.03127089479204791,0.10477585220376712
0.1333521432163324,0.2053525026457146,0.047632552676070895,0.23924024146361708,0.01683510927396496,0.056407497532978974
0.1333521432163324,0.4531583637600818,0.04783380767671197,0.24025107956338637,0.008440263834073595,0.028279825808031293
0.1333521432163324,1.0,0.04793946592764441,0.24078170263387325,0.004047010423131982,0.013559858566819199
0.29427271762092816,0.0,0.026121404767379116,0.13119790829095015,0.08354779547216067,0.2799341557946957
0.29427271762092816,0.0017782794100389228,0.02623976559691523,0.1317923856371855,0.0756831002409522,0.2535828058833275
0.29427271762092816,0.003924189758484536,0.02634836263852425,0.13233783023684584,0.06849355148541891,0.22949359338656813
0.29427271762092816,0.008659643233600654,0.026512915401497857,0.13316431648290852,0.05764798487763695,0.193154610742324
0.29427271762092816,0.019109529749704406,0.02671952235765955,0.13420202360789985,0.0441123361920705,0.14780221964134116
0.29427271762092816,0.042169650342858224,0.026935628573712688,0.13528744399197684,0.030049307321281117,0.1006828173109166
0.29427271762092816,0.0930572040929699,0.027121000266285007,0.13621849553344184,0.01806242146438038,0.06051971383458569
0.29427271762092816,0.2053525026457146,0.027250257759812158,0.13686768356787982,0.009747697026188516,0.032660506485739274
0.29427271762092816,0.4531583637600818,0.027326155407709683,0.1372489118340788,0.004876508937098336,0.01633916718818704
0.29427271762092816,1.0,0.02736594712087534,0.1374487731967817,0.00232823006752512,0.007800937401576991
0.6493816315762113,0.0,0.013728153181229785,0.06895130583850834,0.044365165562422954,0.14864934622311068
0.6493816315762113,0.0017782794100389228,0.013767782063614715,0.06915034342216947,0.03969900301553901,0.1330149588248914
0.6493816315762113,0.003924189758484536,0.013801599321987115,0.06932019551637021,0.035727289100256805,0.11970737099978303
0.6493816315762113,0.008659643233600654,0.013850540978056897,0.06956601288046621,0.029994357517037662,0.1004986906958505
0.6493816315762113,0.019109529749704406,0.013910489107284343,0.06986710964097088,0.022998470701387774,0.07705837601829908
0.6493816315762113,0.042169650342858224,0.013973042543323912,0.07018129198623485,0.01572840585047393,0.05269939156606273
0.6493816315762113,0.0930572040929699,0.014027084914511875,0.07045272622173201,0.009471885849762888,0.03173637721769539
0.6493816315762113,0.2053525026457146,0.014064959575045784,0.07064295632568246,0.005100378778454752,0.01708926264883361
0.6493816315762113,0.4531583637600818,0.01408719430541634,0.07075463261575168,0.0025391927698747278,0.00850778617042158
0.6493816315762113,1.0,0.014098766395318103,0.07081275938812555,0.0012066156222602716,0.004042870735280552
1.4330125702369627,0.0,0.006764828762793327,0.03397716855358056,0.021992865933972615,0.07368900984053971
1.4330125702369627,0.0017782794100389228,0.006774999913088568,0.034028254264772295,0.01965271545638068,0.06584813213524594
1.4330125702369627,0.003924189758484536,0.006783577008500376,0.034071335278889905,0.01768129653785052,0.05924272297817872
1.4330125702369627,0.008659643233600654,0.006795907280891208,0.03413326454244973,0.014852960856427302,0.049766137606708616
1.4330125702369627,0.019109529749704406,0.0068109736435646474,0.03420893678757428,0.011403361568652104,0.0382079545755794
1.4330125702369627,0.042169650342858224,0.0068267421364313595,0.034288135922397496,0.00780068396983823,0.026136870001534092
1.4330125702369627,0.0930572040929699,0.006840400502758407,0.03435673806934278,0.004686143319138471,0.015701330704727054
1.4330125702369627,0.2053525026457146,0.006849957501577878,0.03440473786480667,0.0025112899636500824,0.008414295407361532
1.4330125702369627,0.4531583637600818,0.0068555309076390025,0.0344327309240131,0.0012440514613518878,0.0041683026064798494
1.4330125702369627,1.0,0.006858413730897942,0.0344472099876491,0.0005890814543914271,0.0019737684347466587
3.1622776601683795,0.0,0.003242214858373631,0.01628441498090353,0.010703085084020349,0.035861617266993766
3.1622776601683795,0.0017782794100389228,0.0032446537015800125,0.01629666478175647,0.009553498640738732,0.03200982775129473
3.1622776601683795,0.003924189758484536,0.0032467020758700175,0.016306952826313236,0.008589368939389472,0.028779427214260737
3.1622776601683795,0.008659643233600654,0.0032496355224982025,0.016321686066619476,0.00720993705098103,0.024157520744084515
3.1622776601683795,0.019109529749704406,0.0032532122925365424,0.016339651183590997,0.00552882044455545,0.01852479370993712
3.1622776601683795,0.042169650342858224,0.0032569532643824278,0.01635844067069433,0.003772602938295927,0.012640434228444184
3.1622776601683795,0.0930572040929699,0.0032601861170493455,0.01637467755647751,0.0022571333861058597,0.0075627216997519375
3.1622776601683795,0.2053525026457146,0.003262432253261164,0.016385959589844883,0.0012042211372651941,0.004034847636091984
3.1622776601683795,0.4531583637600818,0.0032637343089070275,0.016392499276594134,0.0005944988337466814,0.0019919200399750535
3.1622776601683795,1.0,0.0032644040790916805,0.016395863314013298,0.00028091796328400464,0.0009412400660570439
