RAFi_0_uM,MEKi_0_uM,pMEK,pMEK_obs,pERK,pERK_obs
0.0,0.0,0.15302784012459922,0.768600783692371,0.21212152050917407,0.7107316002644704
0.0,0.0017782794100389228,0.1530602181575262,0.768763451703151,0.20517868877230433,0.6874690391951955
0.0,0.003924189758484536,0.15309538626332136,0.7689396224372816,0.19771558555439533,0.6624632626820829
0.0,0.008659643233600654,0.15316073797704055,0.7692682792558285,0.18394727709596354,0.6163313476971234
0.0,0.019109529749704406,0.15326738379341517,0.769803920706736,0.16195484451734798,0.5426437899949912
0.0,0.042169650342858224,0.15341422483480327,0.770541451653142,0.1327647872079103,0.44483996534838943
0.0,0.0930572040929699,0.15360381388239458,0.7714936796772709,0.09809051796715772,0.32866080989264385
0.0,0.2053525026457146,0.15392012528296384,0.7730823931599812,0.054084081572630935,0.18121341837278504
0.0,0.4531583637600818,0.15427534608109367,0.7748665320562058,0.02661939673580637,0.08919060350817255
0.0,1.0,0.15461306847223638,0.7765627814224265,0.012744386892150437,0.042701176420027645
0.005623413251903491,0.0,0.12058420008506415,0.6056487131452484,0.19110147009971695,0.6403021055633631
0.005623413251903491,0.0017782794100389228,0.12059320158716336,0.605693932327362,0.18395662919366482,0.6163626789549791
0.005623413251903491,0.003924189758484536,0.12060257460619737,0.6057410841677418,0.17651666517940995,0.5914344217174705
0.005623413251903491,0.008659643233600654,0.12061936891924663,0.6058253305481449,0.1632986549051857,0.5471463450010239
0.005623413251903491,0.019109529749704406,0.12064535815813804,0.6059558625571092,0.14305295117668146,0.47931135127546803
0.005623413251903491,0.042169650342858224,0.12068045243601386,0.6061321323958652,0.11653074420277709,0.3904463877274363
0.005623413251903491,0.0930572040929699,0.12073434758031422,0.606402821341787,0.07989246444085683,0.2676866531399099
0.005623413251903491,0.2053525026457146,0.12081219236622184,0.6067938071100375,0.04233166049625428,0.14183590953001887
0.005623413251903491,0.4531583637600818,0.12089160385164259,0.6071926630223635,0.020924007399917385,0.07010770662916696
0.005623413251903491,1.0,0.12096064507673063,0.6075394280962853,0.01002454211056732,0.03358810023859728
0.012409377607517195,0.0,0.11139602027651355,0.5594999477874407,0.18444412836843393,0.6179960983719551
0.012409377607517195,0.0017782794100389228,0.1114041052520738,0.5595406124346742,0.17728998579828814,0.5940255158323522
0.012409377607517195,0.003924189758484536,0.1114125097305605,0.5595826776443332,0.16991474653261074,0.5693141332404954
0.012409377607517195,0.008659643233600654,0.11142728104546148,0.5596569593751515,0.15695428344320156,0.5258889682465848
0.012409377607517195,0.019109529749704406,0.11144998965154079,0.55977101420919,0.13730249388309756,0.46004394351893185
0.012409377607517195,0.042169650342858224,0.11148097364733965,0.5599266346422552,0.11139924381040076,0.37325285842068795
0.012409377607517195,0.0930572040929699,0.11153166256588239,0.5601812004746464,0.07398349623306909,0.24788813032961832
0.012409377607517195,0.2053525026457146,0.11160032642145236,0.5605261103779425,0.03908918007426664,0.1309716897726372
0.012409377607517195,0.4531583637600818,0.1116696942398833,0.5608745020723832,0.01935336193972364,0.06484512256917156
0.012409377607517195,1.0,0.11172882632682621,0.561171504157705,0.00927577148515751,0.031079278990318877
0.027384196342643614,0.0,0.09546569657141776,0.47948798100782625,0.17197241740801358,0.5762085498051346
0.027384196342643614,0.0017782794100389228,0.09547332844007825,0.47952631424627157,0.1648665361913378,0.5523996666115147
0.027384196342643614,0.003924189758484536,0.09548110019925217,0.4795652686612382,0.15767322715210785,0.5282978578663793
0.027384196342643614,0.008659643233600654,0.09549455270550276,0.47963291681896353,0.14526405469123058,0.48671984438052746
0.027384196342643614,0.019109529749704406,0.09551504530779911,0.47973583684983934,0.12669511692835395,0.42450301037264265
0.027384196342643614,0.042169650342858224,0.0955444881181832,0.47988370873337044,0.10124043903393334,0.33921478418027934
0.027384196342643614,0.0930572040929699,0.09559629355740894,0.4801439132114027,0.0634319185664817,0.21253416188728
0.027384196342643614,0.2053525026457146,0.09565945914378644,0.4804611709216334,0.033506937208932365,0.11226790683908779
0.027384196342643614,0.4531583637600818,0.09572224062343394,0.48077650121753324,0.01663729111275704,0.055744691236605304
0.027384196342643614,1.0,0.0957739089485281,0.48103601384810213,0.007978065194333729,0.026731201419432946
0.060429639023813285,0.0,0.07274140399594796,0.3653524754990262,0.15156998101674624,0.50784840234306
0.060429639023813285,0.0017782794100389228,0.07274826019405697,0.36538691407182633,0.14469884914204428,0.4848260886859286
0.060429639023813285,0.003924189758484536,0.07275507196362563,0.3654211052323747,0.13792126184585154,0.462117181368463
0.060429639023813285,0.008659643233600654,0.07276670455190598,0.3654795506473918,0.12646959925746334,0.4237473871879462
0.060429639023813285,0.019109529749704406,0.07278484489447337,0.3655706622299801,0.10913286919551679,0.36565917901906886
0.060429639023813285,0.042169650342858224,0.07281680632822626,0.3657311850787577,0.08119038104149655,0.27203548518597676
0.060429639023813285,0.0930572040929699,0.0728661328274712,0.365978940749177,0.048219825293620684,0.1615647182144655
0.060429639023813285,0.2053525026457146,0.07292153171762093,0.36625718756312753,0.02559607072922745,0.08576186041368435
0.060429639023813285,0.4531583637600818,0.07297461809731119,0.36652382061865746,0.01275617699871897,0.04274068042178199
0.060429639023813285,1.0,0.07301568438548911,0.3667300818110636,0.006116801233235511,0.020494874510916004
0.1333521432163324,0.0,0.04779897147673172,0.24007609960425746,0.12359971938753753,0.41413160879620553
0.1333521432163324,0.0017782794100389228,0.04780434644190442,0.24010310179123487,0.11711324275656393,0.39239811336144664
0.1333521432163324,0.003924189758484536,0.04780973174974776,0.24013011383681637,0.11072353647585498,0.3709888305373667
0.1333521432163324,0.008659643233600654,0.047819638524735295,0.2401799002145456,0.09929210605090324,0.3326868430037588
0.1333521432163324,0.019109529749704406,0.0478386166818872,0.24027522113099622,0.07910021020218884,0.2650321321615601
0.1333521432163324,0.042169650342858224,0.04786823128839139,0.24042396438396693,0.0535144090396841,0.17930468307920167
0.1333521432163324,0.0930572040929699,0.04790540654684961,0.24061068453454237,0.031677126509429644,0.10613696679496777
0.1333521432163324,0.2053525026457146,0.04794593038171916,0.2408142174346598,0.01694369081917408,0.05677130952219498
0.1333521432163324,0.4531583637600818,0.04798182556321075,0.24099450561881403,0.008465808950795364,0.02836542910562586
0.1333521432163324,1.0,0.04800717025402,0.2411218027831177,0.0040526321984931,0.013578696596824598
0.29427271762092816,0.0,0.027267349569987408,0.1369535518543167,0.08677086095838459,0.29073331273616726
0.29427271762092816,0.0017782794100389228,0.027272657890048582,0.13698022260056886,0.07852988322581092,0.26312120523483784
0.29427271762092816,0.003924189758484536,0.02727792043437427,0.1370066391747288,0.07089121518346689,0.23752717976751564
0.29427271762092816,0.008659643233600654,0.027286731920059027,0.13705090472554354,0.05935118856198264,0.19886132461551884
0.29427271762092816,0.019109529749704406,0.027299884811761453,0.1371169659765562,0.04507930709882151,0.15104214048118608
0.29427271762092816,0.042169650342858224,0.02731791559317475,0.13720752484152493,0.030473450109244092,0.10210394771075923
0.29427271762092816,0.0930572040929699,0.02733993075324961,0.13731809867927433,0.018205559029629722,0.06099930749534123
0.29427271762092816,0.2053525026457146,0.02736203825900321,0.13742913763152795,0.009786793945191614,0.032791504229725876
0.29427271762092816,0.4531583637600818,0.02737939491555311,0.13751637245754061,0.004885838030936828,0.016370425116403194
0.29427271762092816,1.0,0.027390625378258183,0.13757271778613328,0.0023303062951805596,0.007807893808028983
0.6493816315762113,0.0,0.01405174466929192,0.07057658198553873,0.0454117977608514,0.15215617827470782
0.6493816315762113,0.0017782794100389228,0.014054721911301435,0.07059153856547444,0.040528055520528766,0.13579277258856975
0.6493816315762113,0.003924189758484536,0.014057510563037254,0.07060553623989688,0.03639022947708197,0.12192862864637147
0.6493816315762113,0.008659643233600654,0.01406204523824889,0.07062831815698534,0.030450580277629636,0.10202731707342426
0.6493816315762113,0.019109529749704406,0.01406866757462073,0.07066157980815917,0.023256888442562428,0.07792422666503769
0.6493816315762113,0.042169650342858224,0.01407739362266789,0.07070540697312794,0.01584359423839978,0.05308534091152674
0.6493816315762113,0.0930572040929699,0.014087205017511996,0.0707546874438426,0.009511593175575159,0.03186942047088566
0.6493816315762113,0.2053525026457146,0.014095983942920647,0.07079877943780769,0.005111421960206192,0.017126263755552828
0.6493816315762113,0.4531583637600818,0.01410215805858152,0.07082978970095738,0.002541857161128119,0.008516713456084079
0.6493816315762113,1.0,0.014105752115267583,0.07084784125928018,0.0012072094514793284,0.004044860244999021
1.4330125702369627,0.0,0.006840924782240563,0.03435936941416645,0.02223613689782574,0.07450410916803721
1.4330125702369627,0.0017782794100389228,0.006842273785447439,0.03436614577355193,0.019844604713744905,0.06649107372703379
1.4330125702369627,0.003924189758484536,0.006843502186424496,0.034372315123179904,0.01783477723433407,0.059756972024399835
1.4330125702369627,0.008659643233600654,0.006845433194588579,0.03438201376362804,0.014959146032159115,0.050121919787203026
1.4330125702369627,0.019109529749704406,0.00684811194776941,0.03439546814880388,0.01146424217125999,0.038411940219131524
1.4330125702369627,0.042169650342858224,0.006851389728285933,0.03441193136455289,0.007828259325040554,0.026229263613145988
1.4330125702369627,0.0930572040929699,0.006854736126757009,0.03442873894136471,0.004695791929925239,0.015733659218342574
1.4330125702369627,0.2053525026457146,0.006857431720018742,0.034442277839504105,0.0025139971792859884,0.00842336615674365
1.4330125702369627,0.4531583637600818,0.006859166933464589,0.03445099318890881,0.0012447067076248374,0.004170498059985065
1.4330125702369627,1.0,0.0068601176699874125,0.03445576839684596,0.000589227287480667,0.0019742572650378234
3.1622776601683795,0.0,0.003259017054271888,0.016368806497652308,0.010757291614267046,0.03604324139132493
3.1622776601683795,0.0017782794100389228,0.0032595140372172603,0.01637130210206681,0.009596304628369693,0.03215325317178537
3.1622776601683795,0.003924189758484536,0.0032599508511312035,0.01637349592114807,0.008623684164271303,0.02889440371758122
3.1622776601683795,0.008659643233600654,0.0032606132006826574,0.01637682312083539,0.007233804950441368,0.024237492597666718
3.1622776601683795,0.019109529749704406,0.003261485557956828,0.01638120452567979,0.005542621465029149,0.018571035145484496
3.1622776601683795,0.042169650342858224,0.003262484378056674,0.016386221200326713,0.0037789109709375317,0.012661569801728194
3.1622776601683795,0.0930572040929699,0.0032634289624038247,0.016390965556773596,0.0022593537082427214,0.007570161065687445
3.1622776601683795,0.2053525026457146,0.003264136772060847,0.01639452063615175,0.0012048462074948296,0.004036941992920024
3.1622776601683795,0.4531583637600818,0.0032645679258728726,0.016396686163210605,0.0005946501420472989,0.0019924270120294874
3.1622776601683795,1.0,0.003264796255867419,0.016397832935394728,0.0002809516531622853,0.0009413529442486594
