RAFi_0_uM,MEKi_0_uM,pMEK,pMEK_obs,pERK,pERK_obs
0.0,0.0,0.055956860408493854,0.2810500815605333,0.13365901248003226,0.4478361441232319
0.0,0.0017782794100389228,0.021835671465250325,0.10967229787890162,0.06704302864169973,0.22463349748567174
0.0,0.003924189758484536,0.012692334308720908,0.06374878014134262,0.03676871942382764,0.12319679174695698
0.0,0.008659643233600654,0.007081956435502772,0.035569980588584064,0.018392284694771877,0.06162494940464038
0.0,0.019109529749704406,0.004140309638292585,0.020795205529491982,0.00877087485980336,0.029387579833726477
0.0,0.042169650342858224,0.00271065454702668,0.013614589232740932,0.004057747265162493,0.013595834920741517
0.0,0.0930572040929699,0.0020337965720318056,0.010214988445705845,0.0018385755463378223,0.006160307212746891
0.0,0.2053525026457146,0.0017041054908197408,0.008559075114203193,0.0008192420709200238,0.0027449417728327907
0.0,0.4531583637600818,0.0015161943494366508,0.007615269026644303,0.00035708405768204943,0.0011964411882923601
0.0,1.0,0.0013623007127458008,0.006842319350483095,0.00014982295647096773,0.0005019948363910157
0.005623413251903491,0.0,0.030392948699487967,0.1526522513816267,0.0947241311934246,0.3173814383112986
0.005623413251903491,0.0017782794100389228,0.010344624602865561,0.051957124870799856,0.03180187529726671,0.10655494882929005
0.005623413251903491,0.003924189758484536,0.0059259476657958525,0.02976378707870576,0.01734232065851755,0.058106953579432866
0.005623413251903491,0.008659643233600654,0.003288133720369738,0.01651504824882625,0.008684360312152974,0.029097704274569494
0.005623413251903491,0.019109529749704406,0.001918298167109268,0.00963488391973155,0.0041261546466830265,0.013825039919494502
0.005623413251903491,0.042169650342858224,0.0012547551791829228,0.00630215452478829,0.0018972966991128572,0.0063570543946012276
0.005623413251903491,0.0930572040929699,0.0009410087296018185,0.004726329786057348,0.0008553516297204816,0.002865930002301912
0.005623413251903491,0.2053525026457146,0.0007882820417448095,0.003959241644594972,0.0003799755276633754,0.0012731410506412867
0.005623413251903491,0.4531583637600818,0.0007012724012968885,0.0035222252225413165,0.00016535931979063073,0.0005540507799711769
0.005623413251903491,1.0,0.0006300438187961005,0.003164470706902499,6.932680495236486e-05,0.00023228546426424707
0.012409377607517195,0.0,0.024953068538760843,0.1253297967811367,0.08012194853855352,0.26845555656099807
0.012409377607517195,0.0017782794100389228,0.008272387953568631,0.04154906666450278,0.025493714443238853,0.08541890699947328
0.012409377607517195,0.003924189758484536,0.004727453983634048,0.023744207722885578,0.013901302697286535,0.046577523284476854
0.012409377607517195,0.008659643233600654,0.002620596585449717,0.013162262395897427,0.006955445998183332,0.023304826568938064
0.012409377607517195,0.019109529749704406,0.0015281814444659276,0.007675475668167872,0.0032987531923803944,0.011052759437007498
0.012409377607517195,0.042169650342858224,0.0009990792555052848,0.005017996678542528,0.0015138180114862418,0.005072179290823275
0.012409377607517195,0.0930572040929699,0.0007491111290854627,0.0037625010291395993,0.0006816371290367512,0.0022838844558927163
0.012409377607517195,0.2053525026457146,0.0006274480249461185,0.0031514334591231158,0.00030259844288353454,0.0010138824019306181
0.012409377607517195,0.4531583637600818,0.0005581499468488753,0.002803375398704918,0.00013164035964303278,0.0004410724658834622
0.012409377607517195,1.0,0.0005014382877352534,0.002518534159135317,5.518090303269316e-05,0.0001848884107237462
0.027384196342643614,0.0,0.0182468728517876,0.09164712001661775,0.058999583916384726,0.19768323648074393
0.027384196342643614,0.0017782794100389228,0.005864968890952919,0.02945751436970539,0.018180571807406568,0.06091558670419828
0.027384196342643614,0.003924189758484536,0.0033426900884633085,0.01678906419791088,0.009906655958567549,0.033193112242683426
0.027384196342643614,0.008659643233600654,0.001850900028414901,0.009296368623687159,0.004946558514569233,0.016573874396659593
0.027384196342643614,0.019109529749704406,0.0010786757293166685,0.005417779046239746,0.0023391207478561616,0.007837427538853883
0.027384196342643614,0.042169650342858224,0.000705018743106049,0.0035410418170424515,0.001070954647666453,0.0035883267169211654
0.027384196342643614,0.0930572040929699,0.0005284206624364103,0.002654056512656862,0.00048142959203301193,0.0016130717020506424
0.027384196342643614,0.2053525026457146,0.00044248465269501494,0.0022224325096933317,0.000213522041237995,0.0007154241601973194
0.027384196342643614,0.4531583637600818,0.00039355594942741366,0.0019766822314836257,9.284507061510823e-05,0.0003110854847425861
0.027384196342643614,1.0,0.0003535403013646041,0.0017756990952955494,3.890977484493422e-05,0.00013037059066859597
0.060429639023813285,0.0,0.011555988599408262,0.05804134694018213,0.03735502290072307,0.12516125281959684
0.060429639023813285,0.0017782794100389228,0.003610219989839939,0.018132765451294306,0.011309345328584295,0.03789294452203196
0.060429639023813285,0.003924189758484536,0.002052894602025848,0.01031091077673293,0.0061487249806096945,0.020601837728914253
0.060429639023813285,0.008659643233600654,0.001135481564138004,0.005703093318032978,0.003058734268906629,0.010248555380201136
0.060429639023813285,0.019109529749704406,0.0006611870498915203,0.003320891756747038,0.0014406805262003807,0.00482712542392478
0.060429639023813285,0.042169650342858224,0.00043178050022996063,0.002168669346542054,0.000657562789016007,0.0022032211066119007
0.060429639023813285,0.0930572040929699,0.0003233776658923196,0.001624203307037955,0.0002949897892630469,0.0009883889525696432
0.060429639023813285,0.2053525026457146,0.0002706419711478233,0.0013593319981849317,0.00013067573420196498,0.00043784041985030084
0.060429639023813285,0.4531583637600818,0.0002406403660075772,0.0012086452675351658,5.678523594480836e-05,0.0001902638709262689
0.060429639023813285,1.0,0.0002161381499276618,0.0010855798795896636,2.3790304417710597e-05,7.971148399024507e-05
0.1333521432163324,0.0,0.006408347758313612,0.03218669951044259,0.02085326521102716,0.06987067824768017
0.1333521432163324,0.0017782794100389228,0.001966868330853624,0.009878833353257474,0.006243998383281324,0.020921059569588406
0.1333521432163324,0.003924189758484536,0.0011170448157961533,0.005610492342299016,0.0033818637320107243,0.011331228520259716
0.1333521432163324,0.008659643233600654,0.0006172744563916404,0.0031003357109333405,0.0016744973328815648,0.005610549309015851
0.1333521432163324,0.019109529749704406,0.0003589715050719269,0.001802977721414962,0.0007852804815985266,0.0026311505427718787
0.1333521432163324,0.042169650342858224,0.00023403319059624964,0.0011754595629794719,0.0003571586324650579,0.0011966907989939405
0.1333521432163324,0.0930572040929699,0.00017499868611081605,0.0008789520107316016,0.00015980666602645783,0.0005354461304694216
0.1333521432163324,0.2053525026457146,0.00014629311335777413,0.0007347748075310223,7.067226937490089e-05,0.00023679358339966127
0.1333521432163324,0.4531583637600818,0.0001299895520569263,0.0006528882076659367,3.068167509348557e-05,0.00010280162045306789
0.1333521432163324,1.0,0.0001167143731644365,0.0005862119929448496,1.2848061877031073e-05,4.304854798021291e-05
0.29427271762092816,0.0,0.0032381174807732905,0.016263835531313817,0.010689865289082084,0.03581732310458486
0.29427271762092816,0.0017782794100389228,0.00099148078322611,0.004979831824862637,0.0031853796304756174,0.010672891336861997
0.29427271762092816,0.003924189758484536,0.0005632347954127034,0.0028289147042825685,0.0017193407305637252,0.0057608006212874555
0.29427271762092816,0.008659643233600654,0.0003109674580768891,0.0015618715551510515,0.000847769862980502,0.0028405266411876745
0.29427271762092816,0.019109529749704406,0.00018041101208187652,0.0009061361051421582,0.0003957927139106566,0.0013261379490693958
0.29427271762092816,0.042169650342858224,0.00011721631959960868,0.000588733118212887,0.00017918486029762777,0.0006003744649470906
0.29427271762092816,0.0930572040929699,8.735157123832349e-05,0.00043873380355237217,7.984626103161762e-05,0.00026753183961012345
0.29427271762092816,0.2053525026457146,7.284261043483645e-05,0.00036586080158059847,3.5207709598512725e-05,0.00011796649473473911
0.29427271762092816,0.4531583637600818,6.463107631451178e-05,0.0003246173509300649,1.525887075959123e-05,5.112617027891316e-05
0.29427271762092816,1.0,5.798805684721732e-05,0.0002912520012645478,6.384115447740466e-06,2.1390533993273716e-05
0.6493816315762113,0.0,0.001552924313886137,0.007799748781240332,0.005207095149193427,0.017446823761916603
0.6493816315762113,0.0017782794100389228,0.000483683566994477,0.0024293590958793486,0.0015667578294658103,0.005249558403343057
0.6493816315762113,0.003924189758484536,0.0002754294102548661,0.0013833774399972787,0.0008452284402185675,0.0028320113868079357
0.6493816315762113,0.008659643233600654,0.00015190320280275468,0.0007629521546609929,0.00041549582263310247,0.0013921548732815285
0.6493816315762113,0.019109529749704406,8.771320056156922e-05,0.0004405501367932129,0.00019287654438736264,0.0006462496429333965
0.6493816315762113,0.042169650342858224,5.657947968482609e-05,0.0002841772261674091,8.664637815866803e-05,0.0002903162034001033
0.6493816315762113,0.0930572040929699,4.185853091651496e-05,0.00021023951116488075,3.831074337878362e-05,0.00012836347029124767
0.6493816315762113,0.2053525026457146,3.471911995336089e-05,0.0001743809663619899,1.6793909288230065e-05,5.6269452779329525e-05
0.6493816315762113,0.4531583637600818,3.070800259342253e-05,0.0001542346466093349,7.252742603730491e-06,2.430094472045694e-05
0.6493816315762113,1.0,2.750746896913268e-05,0.00013815957689166907,3.0289341704443315e-06,1.0148707264379251e-05
1.4330125702369627,0.0,0.0007276293919580004,0.0036546063962376108,0.0024683117436530536,0.008270293142832607
1.4330125702369627,0.0017782794100389228,0.00023726784934999769,0.0011917064051112424,0.0007723222736473799,0.0025877329351580367
1.4330125702369627,0.003924189758484536,0.00013596815614746915,0.0006829164626012847,0.0004186498406569149,0.0014027226951319317
1.4330125702369627,0.008659643233600654,7.488980042314632e-05,0.0003761430665397121,0.00020540005041115827,0.0006882107428580335
1.4330125702369627,0.019109529749704406,4.285115786199134e-05,0.00021522512325385963,9.44874582383779e-05,0.0003165884634978535
1.4330125702369627,0.042169650342858224,2.7239558987508348e-05,0.00013681393821782958,4.183083324198579e-05,0.0001401578242137506
1.4330125702369627,0.0930572040929699,1.9847971717844354e-05,9.968883294737652e-05,1.8206846738966843e-05,6.100362354112459e-05
1.4330125702369627,0.2053525026457146,1.627478977945273e-05,8.174209436126165e-05,7.883627273599517e-06,2.6414778394705075e-05
1.4330125702369627,0.4531583637600818,1.4296104733040518e-05,7.180390764763812e-05,3.3790957153787095e-06,1.1321953740564449e-05
1.4330125702369627,1.0,1.276115443621382e-05,6.409443351097096e-05,1.4056657664918848e-06,4.709805298749696e-06
3.1622776601683795,0.0,0.00033975714075821107,0.0017064713041044493,0.0011605076954250735,0.0038883820915672383
3.1622776601683795,0.0017782794100389228,0.0001212366272777678,0.0006089256063712703,0.0003957964159324305,0.0013261503120531773
3.1622776601683795,0.003924189758484536,7.048174408117634e-05,0.000354003062725634,0.00021758064566210916,0.0007290228752149562
3.1622776601683795,0.008659643233600654,3.881150484276497e-05,0.00019493547740235688,0.00010678110972155001,0.0003577793923845005
3.1622776601683795,0.019109529749704406,2.186463678793413e-05,0.00010981777583412211,4.841591247706288e-05,0.00016222172569953794
3.1622776601683795,0.042169650342858224,1.352412084073745e-05,6.792652715768124e-05,2.087134866828108e-05,6.993126601492647e-05
3.1622776601683795,0.0930572040929699,9.56205310229236e-06,4.802656430704839e-05,8.809937451917695e-06,2.9518461208746918e-05
3.1622776601683795,0.2053525026457146,7.656592449187762e-06,3.8456159150319326e-05,3.71985752138427e-06,1.2463706180694624e-05
3.1622776601683795,0.4531583637600818,6.628016932175841e-06,3.329001392889165e-05,1.5691461714845577e-06,5.257560630735595e-06
3.1622776601683795,1.0,5.871443809142938e-06,2.9490034008308272e-05,6.472360129617081e-07,2.1686205330219065e-06
