PRAFi_0_uM,MEKi_0_uM,pMEK,pMEK_obs,pERK,pERK_obs,gdpRAS,gtpRAS,bound_CRAF,unbound_CRAF,uS1134SOS1,pS1134SOS1,pS1134SOS1_obs,gtpRAS_obs,bound_CRAF_obs
0.0,0.0,0.07971194430436014,0.4003628558679518,0.1582182326264755,0.5301239471102572,0.13627856175934036,0.39048699860878894,0.0030486628925548306,0.015766056442585226,0.0023883278714639604,0.006215274429567582,0.7224037341686972,0.7412918155391511,0.1620360547638291
0.0,0.0017782794100389228,0.08172769272436406,0.41048719646265247,0.153063215912999,0.5128516156926409,0.1323725312799367,0.39439293715829504,0.0031793196395121914,0.01563539926067167,0.002445154520416576,0.006158447780624346,0.71579875093474,0.7487068928941026,0.1689804485721616
0.0,0.003924189758484536,,,,,,,,,,,,,
0.0,0.008659643233600654,,,,,,,,,,,,,
0.0,0.019109529749704406,,,,,,,,,,,,,
0.0,0.042169650342858224,,,,,,,,,,,,,
0.0,0.0930572040929699,,,,,,,,,,,,,
0.0,0.2053525026457146,,,,,,,,,,,,,
0.0,0.4531583637600818,,,,,,,,,,,,,
0.0,1.0,,,,,,,,,,,,,
0.0005623413251903491,0.0,,,,,,,,,,,,,
0.0005623413251903491,0.0017782794100389228,,,,,,,,,,,,,
0.0005623413251903491,0.003924189758484536,,,,,,,,,,,,,
0.0005623413251903491,0.008659643233600654,,,,,,,,,,,,,
0.0005623413251903491,0.019109529749704406,,,,,,,,,,,,,
0.0005623413251903491,0.042169650342858224,,,,,,,,,,,,,
0.0005623413251903491,0.0930572040929699,,,,,,,,,,,,,
0.0005623413251903491,0.2053525026457146,,,,,,,,,,,,,
0.0005623413251903491,0.4531583637600818,,,,,,,,,,,,,
0.0005623413251903491,1.0,,,,,,,,,,,,,
0.0012409377607517195,0.0,,,,,,,,,,,,,
0.0012409377607517195,0.0017782794100389228,,,,,,,,,,,,,
0.0012409377607517195,0.003924189758484536,,,,,,,,,,,,,
0.0012409377607517195,0.008659643233600654,,,,,,,,,,,,,
0.0012409377607517195,0.019109529749704406,,,,,,,,,,,,,
0.0012409377607517195,0.042169650342858224,,,,,,,,,,,,,
0.0012409377607517195,0.0930572040929699,,,,,,,,,,,,,
0.0012409377607517195,0.2053525026457146,,,,,,,,,,,,,
0.0012409377607517195,0.4531583637600818,,,,,,,,,,,,,
0.0012409377607517195,1.0,,,,,,,,,,,,,
0.0027384196342643613,0.0,,,,,,,,,,,,,
0.0027384196342643613,0.0017782794100389228,,,,,,,,,,,,,
0.0027384196342643613,0.003924189758484536,,,,,,,,,,,,,
0.0027384196342643613,0.008659643233600654,,,,,,,,,,,,,
0.0027384196342643613,0.019109529749704406,,,,,,,,,,,,,
0.0027384196342643613,0.042169650342858224,,,,,,,,,,,,,
0.0027384196342643613,0.0930572040929699,,,,,,,,,,,,,
0.0027384196342643613,0.2053525026457146,,,,,,,,,,,,,
0.0027384196342643613,0.4531583637600818,,,,,,,,,,,,,
0.0027384196342643613,1.0,,,,,,,,,,,,,
0.006042963902381328,0.0,,,,,,,,,,,,,
0.006042963902381328,0.0017782794100389228,,,,,,,,,,,,,
0.006042963902381328,0.003924189758484536,,,,,,,,,,,,,
0.006042963902381328,0.008659643233600654,,,,,,,,,,,,,
0.006042963902381328,0.019109529749704406,,,,,,,,,,,,,
0.006042963902381328,0.042169650342858224,,,,,,,,,,,,,
0.006042963902381328,0.0930572040929699,,,,,,,,,,,,,
0.006042963902381328,0.2053525026457146,,,,,,,,,,,,,
0.006042963902381328,0.4531583637600818,,,,,,,,,,,,,
0.006042963902381328,1.0,,,,,,,,,,,,,
0.01333521432163324,0.0,,,,,,,,,,,,,
0.01333521432163324,0.0017782794100389228,,,,,,,,,,,,,
0.01333521432163324,0.003924189758484536,,,,,,,,,,,,,
0.01333521432163324,0.008659643233600654,,,,,,,,,,,,,
0.01333521432163324,0.019109529749704406,,,,,,,,,,,,,
0.01333521432163324,0.042169650342858224,,,,,,,,,,,,,
0.01333521432163324,0.0930572040929699,,,,,,,,,,,,,
0.01333521432163324,0.2053525026457146,,,,,,,,,,,,,
0.01333521432163324,0.4531583637600818,,,,,,,,,,,,,
0.01333521432163324,1.0,,,,,,,,,,,,,
0.029427271762092817,0.0,,,,,,,,,,,,,
0.029427271762092817,0.0017782794100389228,,,,,,,,,,,,,
0.029427271762092817,0.003924189758484536,,,,,,,,,,,,,
0.029427271762092817,0.008659643233600654,,,,,,,,,,,,,
0.029427271762092817,0.019109529749704406,,,,,,,,,,,,,
0.029427271762092817,0.042169650342858224,,,,,,,,,,,,,
0.029427271762092817,0.0930572040929699,,,,,,,,,,,,,
0.029427271762092817,0.2053525026457146,,,,,,,,,,,,,
0.029427271762092817,0.4531583637600818,,,,,,,,,,,,,
0.029427271762092817,1.0,,,,,,,,,,,,,
0.06493816315762113,0.0,,,,,,,,,,,,,
0.06493816315762113,0.0017782794100389228,,,,,,,,,,,,,
0.06493816315762113,0.003924189758484536,,,,,,,,,,,,,
0.06493816315762113,0.008659643233600654,,,,,,,,,,,,,
0.06493816315762113,0.019109529749704406,,,,,,,,,,,,,
0.06493816315762113,0.042169650342858224,,,,,,,,,,,,,
0.06493816315762113,0.0930572040929699,,,,,,,,,,,,,
0.06493816315762113,0.2053525026457146,,,,,,,,,,,,,
0.06493816315762113,0.4531583637600818,,,,,,,,,,,,,
0.06493816315762113,1.0,,,,,,,,,,,,,
0.14330125702369628,0.0,,,,,,,,,,,,,
0.14330125702369628,0.0017782794100389228,,,,,,,,,,,,,
0.14330125702369628,0.003924189758484536,,,,,,,,,,,,,
0.14330125702369628,0.008659643233600654,,,,,,,,,,,,,
0.14330125702369628,0.019109529749704406,,,,,,,,,,,,,
0.14330125702369628,0.042169650342858224,,,,,,,,,,,,,
0.14330125702369628,0.0930572040929699,,,,,,,,,,,,,
0.14330125702369628,0.2053525026457146,,,,,,,,,,,,,
0.14330125702369628,0.4531583637600818,,,,,,,,,,,,,
0.14330125702369628,1.0,,,,,,,,,,,,,
0.31622776601683794,0.0,,,,,,,,,,,,,
0.31622776601683794,0.0017782794100389228,,,,,,,,,,,,,
0.31622776601683794,0.003924189758484536,,,,,,,,,,,,,
0.31622776601683794,0.008659643233600654,,,,,,,,,,,,,
0.31622776601683794,0.019109529749704406,,,,,,,,,,,,,
0.31622776601683794,0.042169650342858224,,,,,,,,,,,,,
0.31622776601683794,0.0930572040929699,,,,,,,,,,,,,
0.31622776601683794,0.2053525026457146,,,,,,,,,,,,,
0.31622776601683794,0.4531583637600818,,,,,,,,,,,,,
0.31622776601683794,1.0,,,,,,,,,,,,,
