PRAFi_0_uM,MEKi_0_uM,pMEK,pMEK_obs,pERK,pERK_obs,gdpRAS,gtpRAS,bound_CRAF,unbound_CRAF,uS1134SOS1,pS1134SOS1,pS1134SOS1_obs,gtpRAS_obs,bound_CRAF_obs
0.0,0.0,0.15302783673892814,0.7686007710926337,0.21212151898273862,0.7107315953866328,0.17471396132172723,0.3520515258130766,0.012956909211173546,0.005857810116783551,0.0019214009584306217,0.006682201342385231,0.7766748286065684,0.6683268634928308,0.6886581184296844
0.0,0.0017782794100389228,0.15306022483903536,0.7687634416412311,0.2051786865607916,0.6874690312206237,0.1700556776436373,0.35670980060284657,0.012987399074092763,0.005827320650044177,0.0019710339560505474,0.006632568344900815,0.7709059662331678,0.6771700411922886,0.6902786363291687
0.0,0.003924189758484536,0.1530953001601468,0.7689396121163544,0.19771559218404666,0.6624632848879313,0.16494389932798767,0.3618215897855487,0.013020346211017548,0.00579437358487527,0.0020273275097148526,0.006576274791324581,0.7643629448713682,0.686874135195222,0.6920297698964317
0.0,0.008659643233600654,0.15316073481709258,0.7692682677014561,0.18394727550285073,0.6163313429479647,0.15524156385453908,0.3715239171454027,0.013081606815164458,0.005733112498479667,0.0021400883151035683,0.006463513985807448,0.7512567131471244,0.7052928305783263,0.6952857811531579
0.0,0.019109529749704406,0.15326738370166526,0.769803917576028,0.16195484363157076,0.5426437848629105,0.13909050869156458,0.3876749862327704,0.013180875113217307,0.005633845046727016,0.0023487609400085273,0.006254841358928075,0.7270026137425213,0.7359536453473592,0.700561847381541
0.0,0.042169650342858224,0.15341422689697237,0.770541458747298,0.13276479191770293,0.4448399787174609,0.11677011269076744,0.4099953868869206,0.013316390094746694,0.005498330952861015,0.0026979210606154274,0.005905681241747515,0.6864195989307345,0.7783261948924458,0.7077644181410746
0.0,0.0930572040929699,0.15360380990917033,0.7714936606468216,0.09809051594053847,0.328660802425584,0.0900241031613997,0.43674138025718817,0.013489332665848739,0.005325387597696586,0.0032765095493626824,0.005327092752053849,0.6191700366225408,0.8291002239228641,0.7169563233945682
0.0,0.2053525026457146,0.15392012095476,0.773082384321999,0.05408408007339643,0.18121341476838992,0.058407097803328915,0.4683583894048483,0.013772734875092276,0.00504198454331759,0.004501786413020846,0.004101815888031444,0.4767556361281088,0.8891212518252054,0.7320191478176343
0.0,0.4531583637600818,0.15427533916514408,0.7748665193374792,0.02661939556123151,0.08919060098188833,0.0413112199596706,0.4854542658222955,0.014083110458357861,0.004731609000666087,0.005872325121778856,0.002731277179332,0.3174573956050189,0.9215756896100624,0.7485155698988264
0.0,1.0,0.15461308023335774,0.776562762766177,0.012744387514682043,0.04270117866509933,0.033618331279453004,0.49314715277498544,0.014370384366462633,0.0044443354267240205,0.0069396673786784775,0.001663934922084006,0.19339979509937852,0.9361796998909299,0.7637841288322853
0.005623413251903491,0.0,0.08923172434413386,0.4481775480620779,0.16671939972736483,0.5586084108502163,0.14264963183317178,0.384114901499447,0.013159004356308074,0.005655473439332634,0.002300171420144873,0.0063034311121175374,0.7326501995507668,0.7291965901145879,0.6994084289364118
0.005623413251903491,0.0017782794100389228,0.08929402045346191,0.44848998449422756,0.15969861268816055,0.5350842159855704,0.13739338580962734,0.389369554872306,0.013191181925090263,0.005623555598719621,0.0023724937688130027,0.0062311086000462566,0.7242441401754871,0.7391741612806656,0.7011090060861573
0.005623413251903491,0.003924189758484536,0.08935564551285304,0.4488006096794226,0.15264039964456574,0.5114359494247278,0.13202307810191155,0.3946827621165473,0.013223174116869978,0.00559123411063979,0.002449936033018171,0.006153667463037269,0.7152430334404168,0.7493419134157447,0.7028216862827247
0.005623413251903491,0.008659643233600654,0.08946477627648323,0.44934800990690726,0.14054443402683411,0.4709066918849924,0.12278648280925412,0.4039889331147298,0.013279318176715727,0.00553490469097236,0.0025951044347567852,0.006008499429859069,0.698370069613537,0.7669092385530524,0.7058127391231179
0.005623413251903491,0.019109529749704406,0.0896340701915122,0.450197924851463,0.12248286090868749,0.4103894637140187,0.10880131878213324,0.41797206016134547,0.013365806014818368,0.005448946496007042,0.002846998887890515,0.005756603552192994,0.6690922311069873,0.7934570668693468,0.7103896799667229
0.005623413251903491,0.042169650342858224,0.08988697158419788,0.45146841695964773,0.0969666949630375,0.3248953747285762,0.0891710018871928,0.4375927141437468,0.013495223435962314,0.0053193568112738215,0.0032994429744753278,0.005304159050952613,0.6165044635114658,0.8307191646397412,0.7172747549308062
0.005623413251903491,0.0930572040929699,0.09034248740775205,0.45375602329991827,0.059904047036386326,0.20071375122952598,0.06232622973069923,0.4644395227535457,0.013726555899901783,0.005088191762635449,0.004289634283610524,0.004313968006320364,0.5014141589702676,0.8816813176696365,0.7295636458220092
0.005623413251903491,0.2053525026457146,0.09089833368020545,0.4565476897500395,0.0318435227758183,0.10669447690229618,0.0443754953085185,0.4823898569815171,0.014006435829790932,0.004808344518920125,0.005550879499940141,0.003052722620952205,0.35481913018027655,0.9157585154080448,0.744437913714495
0.005623413251903491,0.4531583637600818,0.09146741114592771,0.4594061583636712,0.015911910277449245,0.05331425140698451,0.03531929900799066,0.4914688854182344,0.014290056171664456,0.004524544968064804,0.006663188329977328,0.0019404139506373182,0.22553505930991197,0.9329535094898549,0.7595194851879864
0.005623413251903491,1.0,0.09194828559375537,0.4618210027684321,0.007666073429661307,0.02568583387629677,0.030965527957969786,0.4958003724503925,0.01452698862065879,0.004287784128256325,0.007434221835163943,0.0011693785985319996,0.1359173531527727,0.9412157697869917,0.7721054521637213
0.012409377607517195,0.0,0.05999799501251202,0.301346850281354,0.1382642344613642,0.4632659540675373,0.12102070109342929,0.4057390866105996,0.013290568431142768,0.005524360539864492,0.0026244184159520904,0.005979183747002878,0.6949628346075551,0.7702544804702743,0.7063841937231219
0.012409377607517195,0.0017782794100389228,0.060055006926916746,0.30163351965569,0.13166007086356102,0.44113883893370925,0.11591336443877968,0.4108495431321387,0.013321659891340588,0.005493089211929138,0.0027131855127209073,0.005890416587898209,0.6846453984052022,0.7799515440954334,0.708043451348786
0.012409377607517195,0.003924189758484536,0.0601118726094158,0.3019190934993209,0.1252134278547015,0.4195384412330854,0.11091405016197685,0.41584607200717877,0.013352510540101581,0.005462191734285892,0.002805824845064694,0.0057977772732199255,0.6738778936439104,0.7894410653083609,0.7096849232782397
0.012409377607517195,0.008659643233600654,0.06021071693333073,0.30241540407768536,0.11429264809546201,0.382947022524258,0.1024658731578474,0.42433119355440946,0.013406109091761254,0.005408615135951983,0.0029780807432952475,0.005625523449536371,0.6538566074696306,0.8054927036755571,0.7125328508410802
0.012409377607517195,0.019109529749704406,0.06037928275139515,0.30326239848699327,0.09657959840030611,0.32359846086053917,0.08887299255497748,0.4378750342874021,0.01349731414231115,0.005317316983681783,0.00330741705089056,0.005296185441973641,0.6155776544030572,0.8312798757164197,0.7173839365718016
0.012409377607517195,0.042169650342858224,0.06069723147953013,0.3048592403242943,0.06797714334708421,0.2277633847440282,0.06791554248092435,0.45885197950722445,0.013668475561784401,0.005146217704820213,0.004026424774105783,0.004577177674363596,0.5320071100191173,0.8710711278770679,0.726478788046226
0.012409377607517195,0.0930572040929699,0.061135372518583725,0.3070593535905681,0.0404108277499061,0.13539988492907196,0.04959572054613161,0.47717160656798113,0.013902573108476642,0.004912422896279491,0.00509362809517544,0.003509973915974498,0.40796563014255033,0.905848905212402,0.7389091714376286
0.012409377607517195,0.2053525026457146,0.061637989741526254,0.3095835886489971,0.021684753844600307,0.07265656783232075,0.0384998275648809,0.4882571417006677,0.014168836648930698,0.004646328138269903,0.0062121284992633155,0.002391473606215406,0.2779619021075521,0.9269115933699767,0.7530540821289711
0.012409377607517195,0.4531583637600818,0.06212133912708691,0.3120120280556455,0.010897769439155602,0.03651393040653867,0.0326431841270163,0.49411735095776804,0.014422777449498703,0.004391899719867375,0.007111699575509337,0.001491902176304919,0.17340437404489567,0.9380303155744928,0.7665705512599371
0.012409377607517195,1.0,0.06249543888033996,0.3138910127786845,0.005251266193412467,0.017594830350212916,0.029734768817545196,0.49703383278962965,0.014617282208301182,0.004197350139362682,0.007694987113582729,0.0009086147616943377,0.10560864796699777,0.9435525034582147,0.7769103290565337
0.027384196342643614,0.0,0.03497322779057408,0.17565724704260924,0.10418477372926359,0.34908013705839375,0.09467271365991299,0.4320929463706474,0.013457330961058151,0.005357398058206024,0.0031574959031723413,0.005446106400269512,0.633003038516879,0.8202754643223689,0.715255103981532
0.027384196342643614,0.0017782794100389228,0.03502401852123223,0.17591235379843975,0.09707528885008962,0.32525917979634567,0.08925396001514772,0.4375119067290322,0.013494765775460524,0.005319959232762031,0.003297213028528944,0.005306389263404848,0.6167636628647737,0.8305623700206584,0.7172449116084848
0.027384196342643614,0.003924189758484536,0.03507968817727332,0.17619196959199965,0.08960533594903293,0.300230454267522,0.0836295032315736,0.4431352320506233,0.01353568279077677,0.005279021870548411,0.0034579847733485825,0.005145617551070462,0.5980771027114992,0.8412393662100931,0.7194204232501312
0.027384196342643614,0.008659643233600654,0.03518531097733008,0.17672247408004196,0.07647670475713715,0.2562418774815188,0.07397330706310845,0.45279091535482935,0.013613116118604603,0.005201597294857271,0.0037820981791722094,0.0048215041059569185,0.5604052751590615,0.8595703658013097,0.7235356616627739
0.027384196342643614,0.019109529749704406,0.03535494962982441,0.17757444581921736,0.05855600768883615,0.19619696679800594,0.061409620947092534,0.46535416424403936,0.01373690982245229,0.005077863441656588,0.004336974435508111,0.004266627684722564,0.49591178498247074,0.8834209513381587,0.7301129612152629
0.027384196342643614,0.042169650342858224,0.03559376005812284,0.17877392670798015,0.03969361567236695,0.13299690505049305,0.04914951057993378,0.4776171738392774,0.013910245893921052,0.004904504393320547,0.005128997766387611,0.003474604519010202,0.40385461853662885,0.9066958635887855,0.7393266283929194
0.027384196342643614,0.0930572040929699,0.03589905118832261,0.1803074151361443,0.023801271655570402,0.07974826389672875,0.03969629939515449,0.48707080041322204,0.014129986475785937,0.004684625364235867,0.0060616841295109605,0.002541918668636955,0.2954481661082901,0.9246416501531793,0.7510113201341265
0.027384196342643614,0.2053525026457146,0.036231180255112704,0.18197546620529614,0.012878675282504151,0.04315112066008672,0.033689728610025206,0.49307647928695264,0.014366756299433837,0.00444797486868122,0.006927481035629032,0.0016761212595081728,0.19481621790625123,0.9360442486534499,0.7635908358755037
0.027384196342643614,0.4531583637600818,0.03651898360888078,0.18342097522582332,0.0064807020754530115,0.02171415365694047,0.030358773529911367,0.4964065036534371,0.014569829341457239,0.00424492061822662,0.0075599805521245735,0.0010436217817793932,0.121300560076658,0.9423675499413255,0.7743833626637269
0.027384196342643614,1.0,0.036717057006856714,0.18441583431298073,0.003112191078175448,0.01042766754592782,0.02866048527656219,0.49810496334629095,0.01470872312428996,0.004105988454364274,0.0079417457400913,0.0006618565845442766,0.07692784482252449,0.9455915619532546,0.7817671327461303
0.060429639023813285,0.0,0.018366179929088487,0.0922463667247614,0.059385390981042105,0.1989759391829003,0.06197286004880558,0.464791570312385,0.013730468149621354,0.005084234581169116,0.004307725541586291,0.004295876695405339,0.4993114020235613,0.8823518512700025,0.7297733238777824
0.060429639023813285,0.0017782794100389228,0.018407091540193158,0.09245182573463645,0.053158251711183005,0.1781113278575413,0.0577930188032119,0.4689748102303106,0.013780520991505247,0.0050342275501542855,0.00453748509310288,0.00406611718714859,0.47260636355563185,0.8902874936207714,0.7324318452086933
0.060429639023813285,0.003924189758484536,0.018445842691967234,0.09264646054175803,0.04781918442087659,0.16022234447959327,0.05429869855812954,0.47246722514571554,0.01382782026973585,0.00498691613818134,0.004754928716433267,0.0038486735742113173,0.4473328083047611,0.8969206318883706,0.7349462660511763
0.060429639023813285,0.008659643233600654,0.01850989789139138,0.09296819352205846,0.040092146630481364,0.13433222973929068,0.04939714610186429,0.47736918403405193,0.013905831279107907,0.00490889790663619,0.005109283723636857,0.0034943186029713857,0.4061459921461682,0.9062256957670035,0.7390928214711878
0.060429639023813285,0.019109529749704406,0.01860595014160532,0.0934506435167972,0.03068869709776604,0.1028251704250872,0.043690328776228256,0.4830753204281829,0.014022278843379832,0.0047923817490496375,0.005618870129252924,0.002984732148065589,0.3469165649293404,0.9170592675467462,0.7452847089371374
0.060429639023813285,0.042169650342858224,0.01873850318189483,0.09411637523578445,0.020985026425839125,0.07031214524993457,0.03810874221806789,0.4886558490463219,0.014181836304779415,0.004632913816765309,0.006263522274363594,0.002340079964402253,0.27198839503044353,0.927655079992005,0.753761607949278
0.060429639023813285,0.0930572040929699,0.018897931573855425,0.09491714064984394,0.012677985410182672,0.04247869291038432,0.033583110191873745,0.49318270493328814,0.014372192420755202,0.004442527774117327,0.006945709079932515,0.001657893228275415,0.19269756654067643,0.9362466028971629,0.7638802103829303
0.060429639023813285,0.2053525026457146,0.01905284537123053,0.0956952238058417,0.0068681598398251335,0.023012368156691228,0.030556584328746358,0.49620899341870184,0.014555467504387446,0.004259231496894824,0.007518409528529628,0.0010851930245394496,0.12613239835821324,0.9419920632259005,0.7736221293466061
0.060429639023813285,0.4531583637600818,0.019170828381536505,0.09628779496046559,0.003441180097687167,0.011529972766917577,0.02882472088197915,0.49794135083849317,0.014693904446317423,0.004120826701315304,0.00790276956828359,0.0007008326760324689,0.08145805165452315,0.9452798454011393,0.7809787092368937
0.060429639023813285,1.0,0.019243635478215438,0.09665346128744047,0.0016429907505081907,0.005504983035991888,0.02793168639969201,0.4988341500631148,0.01477889745558382,0.004035838747789135,0.00812060319544054,0.00048299914617930777,0.056139176010356014,0.9469751368326154,0.7854958632337543
0.1333521432163324,0.0,0.009047718768670913,0.04544325641681537,0.029297823458845212,0.09816489763580892,0.04287100491548969,0.48389510427604165,0.014042269826753825,0.0047724589120723485,0.005703002358481748,0.0029005999253204047,0.3371378440843682,0.91861472450973,0.7463445272945187
0.1333521432163324,0.0017782794100389228,0.00906827583672709,0.04554649373402074,0.026198943286289342,0.08778181426730386,0.041068716955177685,0.4856981365386418,0.014089898394096623,0.004724884104606697,0.005899822175370072,0.0027037800387012013,0.3142613955674454,0.9220362544021385,0.7488738386993147
0.1333521432163324,0.003924189758484536,0.009087320595461421,0.04564215638595385,0.02358347693391509,0.0790184814785338,0.03957246858943954,0.48719346778882494,0.014133928608775565,0.004680828057134799,0.006076827669366562,0.0025267745428017036,0.29368797865015545,0.9248765611886045,0.7512150627163955
0.1333521432163324,0.008659643233600654,0.009117990882418534,0.045796210200005745,0.01982795609481126,0.06643529215305681,0.03746444724036313,0.48930101763353284,0.014204655227263345,0.004610059554079284,0.006350398532179006,0.0022532037411318218,0.2618907371068824,0.9288783154200654,0.7549758469551296
0.1333521432163324,0.019109529749704406,0.009162175933753593,0.046018132061062124,0.0152487831080881,0.05109237265057808,0.034958643007497195,0.4918061388165378,0.01430603216330611,0.0045086925845067545,0.006719231232457511,0.001884371116135087,0.2190211773843009,0.9336351931379198,0.7603636170637633
0.1333521432163324,0.042169650342858224,0.00921902702595672,0.046303676799760995,0.010467047918109613,0.035070756349805894,0.03241789000092953,0.49434743374366547,0.014435723790002675,0.004378986520919609,0.007153060412973198,0.0014505419975630919,0.1685970513684715,0.938458572461679,0.7672572976912891
0.1333521432163324,0.0930572040929699,0.009280827643281989,0.046614094767933066,0.006321692164870152,0.02118138523152288,0.03027782555007336,0.4964884391167813,0.014575712025634478,0.0042389422958145195,0.007577174279800062,0.0010264278815345352,0.11930210884777998,0.9425213276153495,0.7746999640072031
0.1333521432163324,0.2053525026457146,0.009334032309618528,0.046881304223239176,0.0034078807161382254,0.011418400773727407,0.02880800126902552,0.4979568990581048,0.014695379680591331,0.004119337277274727,0.007906697100375466,0.0006969050206466201,0.08100153991823944,0.9453114638975832,0.7810577067675498
0.1333521432163324,0.4531583637600818,0.009370169821774767,0.047062808092015664,0.001696188661830224,0.00568322761069509,0.027957897605620976,0.4988071760232678,0.014776230386356472,0.004038495430491447,0.008113986487066334,0.0004896158041246248,0.056908233034659424,0.9469253012295985,0.7853545425107858
0.1333521432163324,1.0,0.00939069501443277,0.047165890192732894,0.0008055422315996225,0.002699039174681672,0.027519446784290042,0.49924596213790073,0.01482199386973542,0.003992739308800015,0.008226204039591926,0.0003773982488360856,0.04386514348108495,0.9477576805193065,0.7877865569013146
0.29427271762092816,0.0,0.004301672672422868,0.021605669481065914,0.01411065750194324,0.04727898432749075,0.03434693765286305,0.4924185025894914,0.014334388409825686,0.004480334780775472,0.006817647178645516,0.0017859551225869027,0.207582249859582,0.9347965241663134,0.7618708106737593
0.29427271762092816,0.0017782794100389228,0.004310072872231489,0.021647861010084687,0.012612960595940968,0.04226082129537497,0.03354857810673245,0.49321691357421943,0.014373966280934186,0.004440752643958947,0.0069516355970855115,0.0016519667053192502,0.19200872463125299,0.9363121187007185,0.7639745423949151
0.29427271762092816,0.003924189758484536,0.004317617744262657,0.021685756092718292,0.011354090268821924,0.038042867035770686,0.0328833386217206,0.4938820418350089,0.014409426774546345,0.004405291612761,0.007068400078482556,0.0015352022226413878,0.17843714399035326,0.9375749814970572,0.7658592851576851
0.29427271762092816,0.008659643233600654,0.004329291412434315,0.0217443880327536,0.009549016748614421,0.03199481067914128,0.03193894786265411,0.49482649138061086,0.01446419846438211,0.004350523876477598,0.007242840320792698,0.0013607619797893098,0.15816188757321553,0.9393677992456454,0.7687702322861478
0.29427271762092816,0.019109529749704406,0.004345153514839498,0.02182405777624266,0.007343306713903188,0.024604387908089196,0.030799833907981314,0.4959658265824813,0.014538338902367016,0.0042763802503776914,0.007468049615613126,0.001135552688500763,0.13198572509073186,0.9415302928453889,0.7727109176777778
0.29427271762092816,0.042169650342858224,0.004364059265344501,0.021919014076436403,0.005030404986399278,0.016854809323299347,0.02962292733443982,0.4971425671528841,0.014626261597439485,0.004188458046475608,0.007719753277045497,0.0008838490244201011,0.10273011158006921,0.9437644879088521,0.7773839777713507
0.29427271762092816,0.0930572040929699,0.00438275286595123,0.022012904869209544,0.003023322926660425,0.010129906351002053,0.028616196675537466,0.49814926420126826,0.014712790419673407,0.0041019296629270985,0.007952340157265547,0.0006512621418225421,0.07569644890391675,0.9456756397279632,0.7819829556369291
0.29427271762092816,0.2053525026457146,0.004397332984974028,0.02208613583132128,0.0016194483597471586,0.005426102627336804,0.02792003855426232,0.49884539390542765,0.014780060538375515,0.004034657482882607,0.008123534746917446,0.0004800675488807947,0.055798435629137146,0.9469972081807007,0.7855584400295559
0.29427271762092816,0.4531583637600818,0.004406498366614132,0.022132170136351305,0.0008016658817903185,0.002686051291860682,0.027517547870633687,0.49924791493957094,0.014822186967570527,0.003992532535289621,0.008226699234163188,0.0003769030674023935,0.04380758828587523,0.9477612907197198,0.7877973926381053
0.29427271762092816,1.0,0.0044114312910060885,0.022156943356244393,0.0003793922780177211,0.0012711868173374862,0.027310588456844618,0.4994548968022419,0.014844865777547208,0.003969854856275264,0.008281002279607971,0.0003226000213595823,0.03749592439010146,0.9481541801406856,0.7890027211385326
0.6493816315762113,0.0,0.0020021023725691756,0.010055803037591,0.006679599978502903,0.022380584070927998,0.030460266477098877,0.4963053080786957,0.01456237507898092,0.004252298971272155,0.007538583064175747,0.0010650192391886304,0.12378759519976444,0.9421749105324764,0.7739902929003994
0.6493816315762113,0.0017782794100389228,0.0020048223657397135,0.01006946137355919,0.005962121699095234,0.019976606204001005,0.030094880104240447,0.49667091464200824,0.014589471418271478,0.00422526436750001,0.007616344942169222,0.0009872573510141464,0.11474930120797774,0.9428685757420155,0.7754279190731261
0.6493816315762113,0.003924189758484536,0.0020071867422689904,0.010081337220495663,0.005360914616575195,0.01796221021217691,0.0297900207440249,0.4969757209317245,0.014612986063777643,0.00420174143997009,0.0076827512091341005,0.0009208510667734407,0.10703087349261574,0.9434473080021126,0.776678060358134
0.6493816315762113,0.008659643233600654,0.002010720639948384,0.01009908701516594,0.004500918689288915,0.015080719505751447,0.02935602983610098,0.4974094356190371,0.014648083205491276,0.004166635244719281,0.007779780389589182,0.0008238219241376096,0.0957531385223636,0.9442711571633975,0.7785438429097167
0.6493816315762113,0.019109529749704406,0.0020152967072958575,0.010122070940838725,0.0034521331579594173,0.011566672427824339,0.028830153491104925,0.49793536961290447,0.01469340376492745,0.004121313911465849,0.007901478616648024,0.0007021237121492041,0.0816081084779008,0.9452694752663002,0.7809526572574168
0.6493816315762113,0.042169650342858224,0.0020204239067022223,0.010147822740683602,0.0023552334277441214,0.007891414374276911,0.028284084993138725,0.4984814182827173,0.014744050997095318,0.0040706697409438,0.008032900992201567,0.0005707013205243091,0.0663328335946172,0.9463061175850628,0.7836444240857697
0.6493816315762113,0.0930572040929699,0.0020251593719006057,0.010171607183779957,0.0014082772973770005,0.004718555530490167,0.02781589981071481,0.4989496499141112,0.01479072175870379,0.004023998543328768,0.008149925705194325,0.0004536766009746512,0.05273100555209937,0.9471949146536898,0.7861249873114458
0.6493816315762113,0.2053525026457146,0.002028634435639282,0.010189061299260303,0.0007507618034619935,0.0025154927314351688,0.027492569377489492,0.49927291771131405,0.014824886280508721,0.003989833188029489,0.008233207561084553,0.00037039474073397716,0.04305112297620816,0.9478087117486975,0.787940862222195
0.6493816315762113,0.4531583637600818,0.0020307211993115266,0.010199542446137686,0.00037040913182126314,0.0012410880271150452,0.027306192994109756,0.4994593048418666,0.014845354353537826,0.003969365122417649,0.008282165274920457,0.00032143702544058344,0.03736074893037475,0.9481625256280313,0.7890287374472789
0.6493816315762113,1.0,0.002031810468458025,0.010205012082741787,0.00017496418890911134,0.000586232731525975,0.027210607445512455,0.49955485374616365,0.014856081863911663,0.00395863795907542,0.008307549451316815,0.00029605285499867385,0.03441033702607986,0.9483439795313174,0.7895988887254711
1.4330125702369627,0.0,0.0009207527807535859,0.00462459200025034,0.00311392980809286,0.010433492730956331,0.028661356325674566,0.49810415059412916,0.014708647490150089,0.004106068144006068,0.007941538730364114,0.0006620635803905959,0.0769519041533336,0.9455899143942277,0.7817629442906939
1.4330125702369627,0.0017782794100389228,0.0009214795451858506,0.00462824208870575,0.0027748691311902276,0.009297440200803904,0.028492540594968047,0.49827330420132687,0.014724264390622676,0.004090458623615333,0.007982110262524354,0.0006214920371536678,0.07223625819814178,0.9459104251415801,0.782592673805516
1.4330125702369627,0.003924189758484536,0.0009220992256723185,0.004631354419214782,0.002491639367530418,0.00834845417017141,0.028351789685504083,0.4984139514974569,0.01473756673665166,0.004077161059057826,0.008016320264879015,0.0005872820109318737,0.06826001389941314,0.9461776128002692,0.7832994926459917
1.4330125702369627,0.008659643233600654,0.0009230023639795733,0.004635890714641801,0.002087725299337799,0.006995105158726612,0.02815151958703503,0.498613949912529,0.01475694452576039,0.0040577749437238336,0.008065617617908308,0.0005379846845208532,0.0625301665058318,0.9465577733981313,0.7843297663669576
1.4330125702369627,0.019109529749704406,0.0009241340577012436,0.004641574776166816,0.0015969233234870584,0.005350630454382583,0.02790892655399157,0.4988565671199874,0.01478119193155541,0.00403352769151953,0.008126341668459255,0.00047726063560495785,0.055472186967487694,0.9470183091163841,0.7856185065562853
1.4330125702369627,0.042169650342858224,0.000925353885185476,0.004647701433380789,0.0010858620608017024,0.0036382752116181733,0.027657167669547265,0.49910826538328096,0.014807289125012604,0.004007433871068643,0.00819055168978063,0.00041305059928359815,0.04800902986980396,0.9474962365900484,0.7870054280414694
1.4330125702369627,0.0930572040929699,0.0009264362694985661,0.0046531378752550714,0.0006470343654009099,0.002167944894057117,0.027441693417820413,0.4993237847917332,0.014830417117487272,0.003984304035616427,0.008246501512437259,0.00035710078728790913,0.041505961671347395,0.9479052926720021,0.7882347549456431
1.4330125702369627,0.2053525026457146,0.0009272037999262837,0.004656993004661619,0.0003439878466632858,0.001152561201239051,0.027293259468149374,0.49947216886216705,0.014846796072128486,0.003967923403246493,0.008285587763599077,0.00031801452979837513,0.036962950977223206,0.9481870715117683,0.7891053646353995
1.4330125702369627,0.4531583637600818,0.0009276535663902226,0.004659252080136245,0.00016942000741911858,0.000567656478140699,0.027207898420348136,0.4995575700811686,0.014856387469766573,0.003958331433721696,0.008308271784816204,0.0002953305128488595,0.034326378955127836,0.9483491230020334,0.7896151702278256
1.4330125702369627,1.0,0.0009278859979146981,0.0046604188536628,7.995104536460688e-05,0.0002678829302807691,0.027164188209765083,0.4996012934832682,0.014861349447261078,0.0039533704230621585,0.008319945937806023,0.000283656361784275,0.032969487885066776,0.9484321027975097,0.789878858132888
3.1622776601683795,0.0,0.0004204701983220747,0.0021118622845827917,0.0014340108769113071,0.004804778127231028,0.027828578936568985,0.4989369071335321,0.01478941485095057,0.00402530545509738,0.008146700492329389,0.00045690180570785515,0.05310587238697551,0.9471708384993442,0.7860555251622063
3.1622776601683795,0.0017782794100389228,0.0004206417062616148,0.002112723713882811,0.0012763086288675681,0.004276383047859272,0.02775088623803479,0.499014607324023,0.014797457967258265,0.004017261093481729,0.008166505621972346,0.0004370966797404884,0.05080391496634725,0.9473183293568077,0.78648306783042
3.1622776601683795,0.003924189758484536,0.0004207861355856594,0.0021134491482729233,0.0011448869910382657,0.003836043446627552,0.02768620354380695,0.4990792876767499,0.014804224812189569,0.004010492451137891,0.008183083990316573,0.0004205183082194181,0.04887700449507928,0.9474411213239187,0.7868427999736732
3.1622776601683795,0.008659643233600654,0.000420993853187971,0.0021144924157572038,0.0009579229472004437,0.003209604137319609,0.027594283765527458,0.4991712109815431,0.014813958645100876,0.004000760608348465,0.008206785168063748,0.00039681713327715206,0.04612220781233772,0.9476156201560361,0.7873600687602607
3.1622776601683795,0.019109529749704406,0.0004212492327820992,0.0021157750833053902,0.0007314089692477525,0.0024506493505838194,0.027483074458057588,0.49928240980572774,0.014825915231925226,0.003988804545917641,0.00823568461124094,0.00036791768892890356,0.042763214301716444,0.9478267364148384,0.7879955379077673
3.1622776601683795,0.042169650342858224,0.00042151861315688514,0.0021171280836017564,0.0004963307610241561,0.0016629993738170828,0.02736784135291139,0.4993976364674321,0.014838518920539591,0.003976200383942376,0.008265892723658696,0.00033770957888812965,0.03925211405787102,0.948045491769595,0.7886654422213385
3.1622776601683795,0.0930572040929699,0.0004217526610887685,0.002118303645837258,0.0002951880934124444,0.000989053380936494,0.027269386585755798,0.49949604890569155,0.014849463352558186,0.003965253326526531,0.008291916525445359,0.00031168578569561937,0.03622735854399164,0.9482323919747813,0.7892472475583711
3.1622776601683795,0.2053525026457146,0.00042191591379200574,0.002119123607433173,0.00015671261047923722,0.0005250792357264471,0.027201690993167865,0.4995638152855236,0.014857090033744769,0.003957628647111316,0.008309927884822748,0.0002936744140347129,0.0341338899490638,0.9483609107488242,0.789652520760877
3.1622776601683795,0.4531583637600818,0.0004220103606557248,0.0021195980040988275,7.711837840423606e-05,0.00025839183724584564,0.027162804374487332,0.4996026724126376,0.014861506518926282,0.003953212778128593,0.008320316089766713,0.0002832862120225623,0.03292646522766956,0.9484347293597125,0.7898872305393674
3.1622776601683795,1.0,0.00042205913174987676,0.0021198426709878506,3.6376818144055906e-05,0.00012188369296710203,0.02714290940044432,0.4996225760337527,0.014863777224104126,0.003950943053024997,0.008325643509814986,0.0002779587911417596,0.03230725705566955,0.9484724983868836,0.7900078770861287
