PRAFi_0_uM,MEKi_0_uM,pMEK,pMEK_obs,pERK,pERK_obs
0.0,0.0,0.0559568604101451,0.2810500815883385,0.13365901249955592,0.4478361441842006
0.0,0.0017782794100389228,0.02183567450034135,0.10967230882265948,0.06704303500024614,0.22463351829001618
0.0,0.003924189758484536,0.012692334763265426,0.06374878219460131,0.036768635623062436,0.12319651069335488
0.0,0.008659643233600654,0.007081958838064714,0.03556999242361122,0.018392290942120023,0.06162496998395756
0.0,0.019109529749704406,0.004140309558349672,0.020795204117547723,0.008770874690085834,0.029387578262791685
0.0,0.042169650342858224,0.002710655876503365,0.01361459616678482,0.004057749222972492,0.013595841648101984
0.0,0.0930572040929699,0.0020337966437014967,0.010214988949439332,0.0018385756009281261,0.006160307410232629
0.0,0.2053525026457146,0.001704105530391302,0.008559075698612726,0.0008192420901508749,0.00274494188734478
0.0,0.4531583637600818,0.0015161944185800706,0.00761526959547443,0.00035708407393882536,0.0011964412650351005
0.0,1.0,0.0013623007525794166,0.006842320496168693,0.0001498229612354904,0.0005019948573138479
0.0005623413251903491,0.0,0.047084805758290826,0.23648908610154615,0.12265907977784182,0.4109808689649626
0.0005623413251903491,0.0017782794100389228,0.017481709365620397,0.08780396286737785,0.05369703152478192,0.1799165624739442
0.0005623413251903491,0.003924189758484536,0.01010338272709642,0.050745425561729264,0.029317578193192,0.0982311719054614
0.0005623413251903491,0.008659643233600654,0.005625157444147121,0.02825303779016334,0.014678717869492538,0.0491822646222439
0.0005623413251903491,0.019109529749704406,0.003286030424543302,0.01650451589980136,0.0069961708179583,0.023441314952462374
0.0005623413251903491,0.042169650342858224,0.0021506953392399137,0.010802142254032053,0.0032310127286144844,0.010825798889588486
0.0005623413251903491,0.0930572040929699,0.0016134504091401816,0.008103738347101116,0.0014615280074872386,0.004896979311738567
0.0005623413251903491,0.2053525026457146,0.0013518232856941433,0.006789699989353646,0.0006505366559313493,0.002179679123029842
0.0005623413251903491,0.4531583637600818,0.0012027241464285052,0.006040853108342287,0.00028338810147727974,0.0009495194755451857
0.0005623413251903491,1.0,0.0010806261193733028,0.005427588673493292,0.00011886847726533152,0.00039828025047450517
0.0012409377607517195,0.0,0.0395167292650331,0.19847752527381096,0.111841454150085,0.3747344551078351
0.0012409377607517195,0.0017782794100389228,0.014088354789089845,0.0707604611776049,0.04325732711730156,0.14493747143567687
0.0012409377607517195,0.003924189758484536,0.008107259226090954,0.04071967636901494,0.023592407211398613,0.07904837256297362
0.0012409377607517195,0.008659643233600654,0.0045064248382146385,0.02263405572344732,0.011817571258678088,0.03959577407421593
0.0012409377607517195,0.019109529749704406,0.0026309408444310407,0.013214216766420789,0.0056267379713686155,0.01885288294473831
0.0012409377607517195,0.042169650342858224,0.0017215366296857053,0.00864662596205227,0.0025939777806441608,0.00869134852119877
0.0012409377607517195,0.0930572040929699,0.0012913661691299847,0.006486049591455495,0.001171660078065543,0.003925748259432279
0.0012409377607517195,0.2053525026457146,0.0010819202507204799,0.005434069305841503,0.0005210599299770902,0.0017458547558189116
0.0012409377607517195,0.4531583637600818,0.0009625705883037996,0.004834623507556251,0.00022688339527479406,0.0007601923075187881
0.0012409377607517195,1.0,0.0008648379306289436,0.004343754399587629,9.514632324508268e-05,0.00031879608453082655
0.0027384196342643613,0.0,0.02916223262923717,0.146470837849047,0.09174800085666687,0.3074095827802423
0.0027384196342643613,0.0017782794100389228,0.009861232736828459,0.04952923395765188,0.030328523566257974,0.10161831209450219
0.0027384196342643613,0.003924189758484536,0.005645467669441261,0.028355037020981487,0.016537766686585322,0.05541125393694932
0.0027384196342643613,0.008659643233600654,0.0031318720285692307,0.015730200244395056,0.008280464790230355,0.02774440769149141
0.0027384196342643613,0.019109529749704406,0.0018271309023194704,0.009177005438347869,0.003933130992593016,0.013178315567427925
0.0027384196342643613,0.042169650342858224,0.0011952274424921827,0.006003168176655269,0.0018080942771271265,0.006058175993962694
0.0027384196342643613,0.0930572040929699,0.0008964613025305904,0.004502579732193279,0.0008150391957250768,0.0027308564643282974
0.0027384196342643613,0.2053525026457146,0.0007510249046600024,0.003772113505567747,0.00036205304555021365,0.001213091610296894
0.0027384196342643613,0.4531583637600818,0.0006681590371243833,0.00335591093142313,0.00015755820151762675,0.0005279127276909052
0.0027384196342643613,1.0,0.0006003086265878679,0.0030151245089677734,6.605612523768458e-05,0.0002213268636440398
0.006042963902381328,0.0,0.018470883368534002,0.092772242845742,0.05972386411312114,0.20011001136010045
0.006042963902381328,0.0017782794100389228,0.00593167502856435,0.029792556550663107,0.018382996108212483,0.06159383270524801
0.006042963902381328,0.003924189758484536,0.003380186343455505,0.016977393999227007,0.010014935444253187,0.03355592098385176
0.006042963902381328,0.008659643233600654,0.0018718790494746556,0.009401738980082824,0.005001301464049315,0.016757301997619305
0.006042963902381328,0.019109529749704406,0.0010913420554484092,0.005481397152783412,0.002366066000657638,0.007927708502978161
0.006042963902381328,0.042169650342858224,0.0007137210354702533,0.0035847500108555047,0.0010839875397417337,0.003631995144370354
0.006042963902381328,0.0930572040929699,0.0005352577893462943,0.002688393640000632,0.0004876013428812388,0.0016337499280065894
0.006042963902381328,0.2053525026457146,0.00044839774260062304,0.002252132290519218,0.00021636065249150632,0.0007249352067536159
0.006042963902381328,0.4531583637600818,0.00039891331239558426,0.002003590065876435,9.410570915455633e-05,0.0003153093250244747
0.006042963902381328,1.0,0.00035839764946569617,0.0018000969847433053,3.944375276976288e-05,0.00013215978575374199
0.01333521432163324,0.0,0.010207492011198029,0.05126835989646845,0.033018361311296617,0.11063089619205227
0.01333521432163324,0.0017782794100389228,0.0031558695184278505,0.01585073557100006,0.009915853721943351,0.03322392503167981
0.01333521432163324,0.003924189758484536,0.0017927116025876226,0.009004111084417059,0.0053833202840186944,0.01803728440109474
0.01333521432163324,0.008659643233600654,0.0009915645625772902,0.004980252982013285,0.0026755041075421883,0.00896450940102518
0.01333521432163324,0.019109529749704406,0.0005778429478649954,0.0029022852183732684,0.0012600989390219204,0.004222069570400625
0.01333521432163324,0.042169650342858224,0.0003778318969756062,0.001897705693539139,0.0005755654548139871,0.0019284820070237252
0.01333521432163324,0.0930572040929699,0.00028333252527554465,0.0014230721536878821,0.00025847387595734366,0.0008660395841606753
0.01333521432163324,0.2053525026457146,0.0002373469106567609,0.0011921036823555864,0.00011459875878168947,0.0003839732115410393
0.01333521432163324,0.4531583637600818,0.00021115014509986993,0.001060527017025299,4.982561458377351e-05,0.00016694505213393245
0.01333521432163324,1.0,0.0001897023187861515,0.0009528028768516606,2.0880355265355162e-05,6.99614390729261e-05
0.029427271762092817,0.0,0.005135935654846761,0.025795856631441717,0.016783825494114987,0.05623566540138184
0.029427271762092817,0.0017782794100389228,0.0015525514295900975,0.00779787695214515,0.0049508610572093084,0.01658829162656008
0.029427271762092817,0.003924189758484536,0.0008803622322067798,0.0044217255306114485,0.0026735819523901463,0.008958068334931603
0.029427271762092817,0.008659643233600654,0.00048660261258913875,0.002444020453978005,0.001322180049573349,0.0044300799377881535
0.029427271762092817,0.019109529749704406,0.00028349771875833655,0.0014239021174578185,0.0006205249470314573,0.002079123326259256
0.029427271762092817,0.042169650342858224,0.00018534962169357646,0.0009309406544031654,0.0002828607316688105,0.0009477493459349505
0.029427271762092817,0.0930572040929699,0.0001389850080262575,0.0006980688115151434,0.00012689695033671602,0.00042517921418450566
0.029427271762092817,0.2053525026457146,0.0001164248332936806,0.0005847577783428347,5.623479085071799e-05,0.00018841956131591925
0.029427271762092817,0.4531583637600818,0.00010357365554417558,0.0005202111556618376,2.4444543834154327e-05,8.190356955776601e-05
0.029427271762092817,1.0,9.305242201531082e-05,0.0004673670172422774,1.024289929387443e-05,3.4319723208909074e-05
0.06493816315762113,0.0,0.0024497271819167326,0.012304049997379739,0.00813786418835821,0.02726662154045592
0.06493816315762113,0.0017782794100389228,0.0007319484271559864,0.0036762991594941163,0.0023603546747072227,0.0079085735317238
0.06493816315762113,0.003924189758484536,0.00041467193305729747,0.0020827398307472285,0.0012685102828355439,0.0042502540253967075
0.06493816315762113,0.008659643233600654,0.0002291211639770568,0.0011507886508698795,0.0006250785738014491,0.002094380059577677
0.06493816315762113,0.019109529749704406,0.0001334691811851243,0.00067036496463337,0.00029272980218594954,0.0009808166501159715
0.06493816315762113,0.042169650342858224,8.725617303469098e-05,0.00043825466147681186,0.00013328751249692099,0.0004465913947036274
0.06493816315762113,0.0930572040929699,6.542743012704864e-05,0.00032861710690440396,5.9762810667085125e-05,0.0002002404823424678
0.06493816315762113,0.2053525026457146,5.480618099710723e-05,0.0002752706118121227,2.647725296305403e-05,8.871432402854573e-05
0.06493816315762113,0.4531583637600818,4.8756017372627566e-05,0.00024488299662089175,1.1507936861697526e-05,3.855834400221824e-05
0.06493816315762113,1.0,4.3802973139278014e-05,0.00022000587077947287,4.821855325505135e-06,1.615605421809684e-05
0.14330125702369628,0.0,0.0011372088176356638,0.0057117684235196845,0.003833838191886413,0.012845608264359267
0.14330125702369628,0.0017782794100389228,0.0003378943134967329,0.0016971149584470151,0.0010969679293278726,0.0036754864295495135
0.14330125702369628,0.003924189758484536,0.000191346999266885,0.0009610634047812393,0.0005876684274204239,0.001969034176295803
0.14330125702369628,0.008659643233600654,0.00010570809759316497,0.0005309317790956626,0.0002889856375250029,0.0009682714993070268
0.14330125702369628,0.019109529749704406,6.157302947396682e-05,0.0003092579751389165,0.00013517959711518128,0.0004529309916315606
0.14330125702369628,0.042169650342858224,4.025171648206814e-05,0.00020216906910347062,6.151479098548248e-05,0.00020611062915151346
0.14330125702369628,0.0930572040929699,3.018095010920629e-05,0.00015158747662310498,2.7573748101080238e-05,9.238825654292301e-05
0.14330125702369628,0.2053525026457146,2.5280945707291102e-05,0.00012697660217589904,1.2214557091699145e-05,4.0925936385128946e-05
0.14330125702369628,0.4531583637600818,2.2489867884187525e-05,0.00011295806267178119,5.308527521955511e-06,1.778669012432382e-05
0.14330125702369628,1.0,2.0205007083270867e-05,0.00010148209237078663,2.2242168555036454e-06,7.452431904834273e-06
0.31622776601683794,0.0,0.0005211956882854978,0.0026177682137744616,0.0017742806008796772,0.0059448814399180065
0.31622776601683794,0.0017782794100389228,0.00015448043820943247,0.0007758966333589941,0.0005032803717745647,0.0016862846628830175
0.31622776601683794,0.003924189758484536,8.746522091513259e-05,0.00043930466302796424,0.0002691539713737226,0.0009018237370693155
0.31622776601683794,0.008659643233600654,4.831537197746962e-05,0.00024266978203088432,0.00013221682497496887,0.0004430039641687742
0.31622776601683794,0.019109529749704406,2.8140982498383393e-05,0.00014134147873785794,6.181128675594486e-05,0.00020710408963386264
0.31622776601683794,0.042169650342858224,1.8395367222836604e-05,9.239295132871485e-05,2.8119078930886884e-05,9.421541976151028e-05
0.31622776601683794,0.0930572040929699,1.379206747152017e-05,6.92723219668077e-05,1.2601942408030958e-05,4.222390369295853e-05
0.31622776601683794,0.2053525026457146,1.155239459519527e-05,5.802329644649455e-05,5.581835572912794e-06,1.8702425645385378e-05
0.31622776601683794,0.4531583637600818,1.0276727624042369e-05,5.161610562034959e-05,2.4257784792478458e-06,8.127781884924278e-06
0.31622776601683794,1.0,9.2326118055619e-06,4.637191087813062e-05,1.016357593892347e-06,3.4053944807848755e-06
