RAFi_0_uM,MEKi_0_uM,pMEK,pMEK_obs,pERK,pERK_obs,gdpRAS,gtpRAS,bound_CRAF,unbound_CRAF,uS1134SOS1,pS1134SOS1,pS1134SOS1_obs,gtpRAS_obs,bound_CRAF_obs
0.0,0.0,0.07971193417138633,0.4003628126805073,0.15821822323921372,0.530123920999467,0.13627851972936036,0.3904869679857172,0.0030486622999137875,0.015766054081411327,0.0023883279724674225,0.00621527432840086,0.7224037224237585,0.7412918596461424,0.16203604870386418
0.0,0.0017782794100389228,0.08172769424141718,0.41048720292362795,0.15306321678409648,0.5128516191099067,0.13237253580674685,0.3943929408944981,0.0031793197305263797,0.01563539956313303,0.002445154510536967,0.006158447790390979,0.7157987520793186,0.7487068882423706,0.16898044987563615
0.0,0.003924189758484536,0.08379735881776688,0.4208823419401247,0.1478930549838926,0.4955285406335731,0.12842773388488796,0.39833775643935876,0.003318103541275236,0.015496616119591008,0.0025049306498551305,0.0060986716512159075,0.708850948451755,0.7561956197893016,0.17635678878472674
0.0,0.008659643233600654,0.08749161249863852,0.43943717950486594,0.1389456089457201,0.46554934372757345,0.12154902945742534,0.40521631765496235,0.003578250343960812,0.015236466439479558,0.0026155894835399973,0.0059880128156937044,0.6959890296448313,0.7692539379749809,0.19018358794059456
0.0,0.019109529749704406,0.09344303829897979,0.4693289301932722,0.12518856388958208,0.4194551683591602,0.11089684170008482,0.4158686497966128,0.0040342739030164035,0.014780446167970435,0.0028061944522103353,0.0057974078484281395,0.6738349409755857,0.7894758797031416,0.21442114938703968
0.0,0.042169650342858224,0.10235400541323779,0.5140853486174973,0.10579434143511476,0.3544731442198649,0.0959066002883037,0.43085869836644203,0.0048171311113296405,0.013997584431473928,0.003127492532811425,0.005476109769693486,0.6364903417373365,0.8179329569862899,0.25602997294169233
0.0,0.0930572040929699,0.11644021312983995,0.5848350147219787,0.07712182167408535,0.2584033692908874,0.07444013477997034,0.45232534797389845,0.006374844103442936,0.012439875789585355,0.0037647589424142773,0.004838843359042914,0.562420622141421,0.8586844863281379,0.33882216369349766
0.0,0.2053525026457146,0.13222161493488235,0.6640990197431343,0.04635456166013526,0.15531499110214664,0.05335524207785295,0.47341024069982623,0.00881094149561,0.010003777858898067,0.004818269202843429,0.0037853330981269433,0.4399707199041509,0.8987115826259036,0.4683004476226142
0.0,0.4531583637600818,0.14325127793489162,0.7194968467983384,0.024735181765227408,0.08287737918822312,0.04022840102567498,0.48653707929802265,0.011198062397806472,0.0076166562514625455,0.005997592780187253,0.002606009520288873,0.3028974875029563,0.9236312884417669,0.5951756497959403
0.0,1.0,0.14938659868259396,0.7503121233092862,0.01232271055357275,0.041288313024349904,0.033394733696280036,0.4933707443280547,0.01289676130916757,0.005917961493471298,0.0069782138401189185,0.0016253884614950917,0.18891952516101007,0.9366041718953778,0.6854611383038144
0.005623413251903491,0.0,0.06777218251928255,0.3403939262202905,0.1465764972056638,0.4911172754338856,0.12742017091057642,0.39934716034361006,0.003354754244490576,0.015459985048645897,0.0025206221761452765,0.006082980136221401,0.7070271167087564,0.7581092004942662,0.17830458303051655
0.005623413251903491,0.0017782794100389228,0.06963466545056181,0.3497484980726145,0.14163579517462566,0.474563038304187,0.12362387482126291,0.40314345503619614,0.003497235960197361,0.015317488557766256,0.002581303806391666,0.006022298501589921,0.6999740673744318,0.765315979533668,0.18587760649157148
0.005623413251903491,0.003924189758484536,0.07153118972388509,0.35927400631831696,0.1367398860011557,0.4581588613620369,0.11985031514515643,0.40692638585251956,0.0036465697395093775,0.015168161413619733,0.0026443878361155342,0.005959214515577092,0.6926417879372015,0.7724836445534332,0.19381460781080145
0.005623413251903491,0.008659643233600654,0.07490000428226401,0.3761943385237489,0.12834783204807407,0.43004059818477997,0.11334692999483433,0.4134182717784963,0.003922990222554562,0.014891712830194595,0.002760005729892392,0.005843596571038484,0.6792034739223394,0.784824567732916,0.20850662439667572
0.005623413251903491,0.019109529749704406,0.08037323296537564,0.40368424482328397,0.11543750651583308,0.3867833969410033,0.10334058013908215,0.4234262766299249,0.004405155972975021,0.014409569459266969,0.002959036000764594,0.0056445662935528575,0.6560701088288342,0.803821028580016,0.234133417935831
0.005623413251903491,0.042169650342858224,0.0891013156446934,0.44752210853634306,0.09632487151185463,0.3227448570319055,0.08868529263805078,0.4380800432081402,0.0052716323477984125,0.013543086651656544,0.0033126852176974812,0.005290917082461686,0.6149653247412196,0.8316417451888944,0.2801866107036267
0.005623413251903491,0.0930572040929699,0.1030474958620677,0.5175684461925313,0.06837173170255052,0.22908543075039922,0.06819345135272126,0.4585761074498496,0.006973217646733057,0.011841510877164162,0.004014385313015352,0.0045892169914854555,0.5334064533741519,0.8705440543911936,0.370625472372675
0.005623413251903491,0.2053525026457146,0.11753132788224047,0.590315269302389,0.04116834635779627,0.13793812392012636,0.05006838696026306,0.47669683444255007,0.009324782807258212,0.009489940822624644,0.005056796906313006,0.0035468053969797964,0.41224655347241584,0.9049512288853685,0.49561093698171255
0.005623413251903491,0.4531583637600818,0.12783170676226577,0.6420501732281765,0.02210535957083464,0.07406593229492252,0.03873700678511265,0.4880278744486313,0.011536030437029993,0.007278692069001613,0.0061816397898944355,0.0024219625087430487,0.281505632719286,0.9264624348259761,0.6131384841488763
0.005623413251903491,1.0,0.13371285289404308,0.6715888738198145,0.011056635990719174,0.0370462237137381,0.03272688307923296,0.49403717572154005,0.013085425269635003,0.005729290597859688,0.007096565263533161,0.001507037041834547,0.17516349412086615,0.9378718374337507,0.6954888589225028
0.012409377607517195,0.0,0.05831429565113792,0.2928905814379921,0.13637062260053728,0.4569216281260533,0.11956027616272998,0.40720518852314597,0.0036581688329840986,0.01515655238125351,0.0026492709522583525,0.005954331348904785,0.6920742196672441,0.773029395095165,0.19443120051206841
0.012409377607517195,0.0017782794100389228,0.060016199867361834,0.3014386066507661,0.13161249552637,0.44097911417783814,0.11587765292962689,0.4108878187981618,0.0038122417461183148,0.015002475539295823,0.0027138467208994974,0.005889755580092664,0.6845685532690721,0.7800204091783994,0.20262019823564978
0.012409377607517195,0.003924189758484536,0.06174026919131358,0.3100979497117684,0.12693608194919717,0.4253103812052382,0.11225229226616007,0.4145130800612977,0.003972207373607917,0.014842512131823624,0.0027804562128862865,0.005823146088181296,0.6768265064342558,0.7869026740117979,0.2111223275192171
0.012409377607517195,0.008659643233600654,0.06480303180849686,0.32548104574117787,0.11894991397674146,0.39855203113071236,0.10605962834912357,0.4207057019145487,0.004266573846001566,0.014548144593263772,0.0029020996072460494,0.005701502693867122,0.6626878479877477,0.79865867729747,0.22676788173972603
0.012409377607517195,0.019109529749704406,0.06988861801888818,0.35102401277341844,0.10647768745040415,0.3567627497388514,0.09643128121093779,0.43033404873684533,0.004786322859882283,0.014028397095345263,0.0031149261350095388,0.005488676165910781,0.6379509389135365,0.816936924796286,0.2543924582067691
0.012409377607517195,0.042169650342858224,0.07857588586557882,0.3946568639445793,0.08697496744619507,0.2914171899071691,0.08166974073067532,0.4450956284188548,0.005775727723849484,0.013038991928956526,0.003518394142572309,0.005085208158629748,0.5910556974395789,0.8449599280557654,0.3069792072606348
0.012409377607517195,0.0930572040929699,0.0915778459655957,0.4599607750202225,0.06072580631336528,0.2034670937499546,0.06288720187883907,0.46387827824564437,0.007553565760249316,0.011261154646792844,0.004261279139689154,0.004342323161019543,0.5047098888638608,0.8806163193078292,0.40147106078823774
0.012409377607517195,0.2053525026457146,0.10454086345301992,0.5250691036320664,0.03660769195352273,0.12265725617043569,0.04724877975781726,0.4795168188278585,0.009805793250968677,0.009008925990681337,0.005286956762355822,0.0033166455387661224,0.38549498485461353,0.9103039760290451,0.5211766981492697
0.012409377607517195,0.4531583637600818,0.11390757630958595,0.5721145565871191,0.019733397234519466,0.06611846448775363,0.037411994088444644,0.4893534856269435,0.011850681309340923,0.0069640383943519015,0.006357604697281136,0.002245997603698611,0.26105316414298285,0.9289778933337536,0.6298622299972372
0.012409377607517195,1.0,0.11937061966561485,0.5995532725110944,0.009895468620028262,0.033155628157861154,0.0321193747201777,0.494646175189164,0.013261112594001999,0.005553607722594632,0.0072086949467168706,0.0013949073539384605,0.16213061752426786,0.9390252936515984,0.7048264534819725
0.027384196342643614,0.0,0.04584045149789008,0.23023919909496057,0.12099334964307028,0.40539874073764887,0.10764335017222999,0.41912204704103034,0.004188588405305264,0.014626129297920632,0.0028699725144059342,0.005733629786641382,0.6664219923256363,0.7956521997426302,0.22262297374714837
0.027384196342643614,0.0017782794100389228,0.047296457603215596,0.23755216584976935,0.11644186403476542,0.3901485933830661,0.10411727716798803,0.42264821299701155,0.004364932030597621,0.014449785577254638,0.002942528490452813,0.005661073810600533,0.6579887833619928,0.8023460551005838,0.2319956175571792
0.027384196342643614,0.003924189758484536,0.04877543767800312,0.24498051775826604,0.11197397567128017,0.3751785412979775,0.10066368666152398,0.426102166448545,0.004547633924453635,0.014267086818923965,0.0030174108037073727,0.005586191497412236,0.6492851833336474,0.8089024068906572,0.24170616117458485
0.027384196342643614,0.008659643233600654,0.05146280665771176,0.25847815455419826,0.10421805041217988,0.3491916408607503,0.09469813220391898,0.4320672988509224,0.004889177349712088,0.013925542020724494,0.0031568697738256993,0.005446732527094467,0.633075813663764,0.8202271321899619,0.25985916948590876
0.027384196342643614,0.019109529749704406,0.0562506121303115,0.28252548418637624,0.09139390527998495,0.30622322653004563,0.08496885543067466,0.4417966113986101,0.00553017205758872,0.013284547883643404,0.003418079241646079,0.005185523058945797,0.6027153368757021,0.8386969898726997,0.29392794975754405
0.027384196342643614,0.042169650342858224,0.06432546546234348,0.32308240399278054,0.07200728512030305,0.24126666734657248,0.07076680596649731,0.4559986790838369,0.006716499107816999,0.012098224088327584,0.003906756689818332,0.004696845611047382,0.5459161693904394,0.8656578534948306,0.356981021607233
0.027384196342643614,0.0930572040929699,0.07490443058495763,0.3762165354545127,0.049572815829668895,0.16609802928800085,0.0554367866680668,0.4713286992696861,0.00850887705547566,0.010305843834052867,0.004681245853773455,0.003922356447657077,0.4558969964249628,0.8947600248156419,0.45224572319918704
0.027384196342643614,0.2053525026457146,0.08516656770950527,0.42775936104556306,0.02984783765372002,0.10000777569860468,0.04319418088632101,0.48357130661508063,0.010572541652414254,0.008242180298655246,0.005669433323854788,0.0029341689766256983,0.3410395871577924,0.9180011183131959,0.5619291999057843
0.027384196342643614,0.4531583637600818,0.09270193900612864,0.4656066824528066,0.01612230213015564,0.05401917609760301,0.03543122081461556,0.4913342664567708,0.012348219798087699,0.006466499556921966,0.006645602325635568,0.0019579999753086786,0.22757908917916717,0.9327381507126677,0.6563063506339167
0.027384196342643614,1.0,0.09720231393988431,0.4882102945311363,0.008094411099435789,0.0271210282875916,0.031185882426906474,0.49557959399656326,0.013538703937583132,0.0052760159897809215,0.007389803647442217,0.0012137986537270524,0.1410802837274442,0.9407974063929839,0.7195804130941397
0.060429639023813285,0.0,0.033061828912157976,0.16605702417074,0.10051161085571933,0.33677289249912634,0.09186600582752624,0.4348994937527853,0.0050641547469666235,0.013750564424412186,0.0032281701403254924,0.00537543216069991,0.6247885446842715,0.8256036017910834,0.2691591992863909
0.060429639023813285,0.0017782794100389228,0.03434214453145662,0.17248756288080788,0.09568919484417271,0.3206149676344051,0.08820430034356762,0.43856108558560297,0.005304082239119834,0.013510637987210855,0.0033259057256398925,0.005277696574504352,0.6134287000243919,0.8325548665503485,0.2819113000520152
0.060429639023813285,0.003924189758484536,0.03567866006801693,0.17920037428491306,0.09086771192190525,0.3044601704885552,0.08457432854316431,0.4421910356948246,0.00555870795612953,0.01325601125061348,0.003429723418452578,0.00517387888233322,0.6013619297419955,0.8394459197872479,0.29544464071179666
0.060429639023813285,0.008659643233600654,0.03812984810934743,0.19151176212164447,0.08252519514002336,0.2765078428683568,0.07838155208350368,0.4483838722569955,0.006037119668909681,0.012777599542970565,0.0036255405425954772,0.0049780617584508245,0.5786020302037244,0.8512021699570815,0.3208721640181391
0.060429639023813285,0.019109529749704406,0.04218027772585886,0.2118555332095605,0.06993019142780696,0.23430718756336097,0.06929220179662242,0.45747340568962214,0.006861709776074118,0.011953009503133147,0.003967530305235896,0.004636071995519138,0.5388524287218955,0.8684572401617322,0.3646990249627171
0.060429639023813285,0.042169650342858224,0.048049843204380056,0.2413361334680027,0.053711486587669874,0.17996500587672237,0.05815946837039405,0.46860584377345454,0.008138332440704462,0.010676386624213427,0.004516085384794289,0.0040875169186824975,0.4750936612947228,0.8895913093941333,0.4325513664394435
0.060429639023813285,0.0930572040929699,0.05513460519908408,0.27692020103874687,0.03643961694250428,0.12209410487092344,0.04714613641336215,0.47961947181881526,0.009824069204653509,0.00899065296425877,0.005295840197381333,0.003307762103574312,0.3844624597776796,0.9104988334914573,0.522147981588902
0.060429639023813285,0.2053525026457146,0.061821189929531506,0.3105043861653325,0.02174821225224071,0.07286927676001348,0.038536330493392355,0.4882290969636817,0.011582803711794458,0.0072319169390190965,0.006207509420542054,0.0023960928817763345,0.2784987959207117,0.9268434705758438,0.6156245381880591
0.060429639023813285,0.4531583637600818,0.06672108849016273,0.3351147240046376,0.011686054401922902,0.03915514217836621,0.03305829217036242,0.49370729999204355,0.012991258532240854,0.00582346078657558,0.007037230235958724,0.0015663720649860455,0.18206002674182656,0.9372428786879259,0.6904837809219121
0.060429639023813285,1.0,0.06967208027792561,0.349936389728764,0.0058420983630198264,0.019574458606122766,0.0300338979915249,0.4967315745734144,0.013894722971870799,0.004919997189342674,0.0076295102482529815,0.0009740920529870676,0.11321909345422326,0.9429843079021801,0.7385027708525137
0.1333521432163324,0.0,0.022894678887260173,0.1149912864009195,0.07383380779040347,0.24738659338676758,0.07207186421035071,0.454693538338449,0.006591932869762651,0.012222786652743508,0.003854832651284953,0.004748769649693921,0.5519513203386481,0.8631803382271779,0.350360411266157
0.1333521432163324,0.0017782794100389228,0.02389579026579676,0.12001948859915823,0.06905688026844561,0.2313810817180403,0.06867531262741097,0.45809041507952414,0.006923920019036015,0.011890800081080644,0.003993650710337032,0.004609951591225769,0.5358164440479071,0.8696283584614372,0.3680054756165667
0.1333521432163324,0.003924189758484536,0.024866128327044705,0.12489312919672692,0.06463742493868231,0.21657331311337705,0.06558241210899973,0.4611831108083857,0.007249582783732033,0.011565136567757194,0.004131291250421307,0.004472311050556672,0.5198184311760087,0.8754998016085334,0.38531442581194825
0.1333521432163324,0.008659643233600654,0.02649944172122686,0.13309664300560495,0.05761336142453237,0.19303857866287338,0.06077227636187932,0.4659933797567606,0.007806566192702149,0.01100815298474967,0.00437070404442369,0.004232898256646307,0.49199139017849286,0.8846312859314587,0.41491802875579487
0.1333521432163324,0.019109529749704406,0.02896453409423486,0.14547786563524334,0.04785246309351811,0.16033383816666533,0.05432013721507824,0.4724453533140503,0.008668794791984794,0.010145925684522248,0.004753508684652309,0.0038500936154018204,0.44749785974853795,0.8968798484492375,0.4607453404800296
0.1333521432163324,0.042169650342858224,0.032283331317752455,0.16214692510245787,0.03599455998218755,0.12060290585391907,0.046874790897346266,0.47989059349228563,0.009872637050053772,0.008942082124919707,0.0053195072171247845,0.0032840950835952643,0.38171163296569544,0.911013911911357,0.5247294396605148
0.1333521432163324,0.0930572040929699,0.036053256073528446,0.18108182695067743,0.02390206976496709,0.08008596300225802,0.03975343490708437,0.48701205083932114,0.011303908919825426,0.007510811197767487,0.006054700489458585,0.00254890181097186,0.29625983651572746,0.924532954449821,0.6008013326361191
0.1333521432163324,0.2053525026457146,0.039440759286119814,0.19809597587129077,0.013993853909722676,0.04688762511785896,0.03428440479222954,0.4924810977741588,0.012652266877392276,0.006162450274734563,0.006827910880261866,0.0017756914217766802,0.20638929595292263,0.934915242882843,0.6724664939202674
0.1333521432163324,0.4531583637600818,0.04184276894855931,0.21016035954013515,0.007404457108907679,0.024809277806463467,0.030831180718484532,0.4959343191130156,0.01364670578182899,0.005168013792375287,0.007461617428481857,0.0011419848721790542,0.13273334032319573,0.9414707669193465,0.7253207111595315
0.1333521432163324,1.0,0.043260834426940946,0.21728273588266261,0.003658017503962848,0.012256505753678875,0.02893309442313189,0.4978323908677287,0.014249591231872062,0.004565128890132717,0.007877288881864675,0.0007263134192860173,0.08441968769161683,0.9450740505385339,0.7573639756249374
0.29427271762092816,0.0,0.014915624216797757,0.0749155215395713,0.04820823380164088,0.16152587907852112,0.0545503226285293,0.4722151673014826,0.00863543301323511,0.010179287297796467,0.004738382260374274,0.003865220040741792,0.4492560099204483,0.8964428694146647,0.4589721702199272
0.29427271762092816,0.0017782794100389228,0.015459385948615796,0.0776466308206687,0.0445933953418915,0.1494140489373052,0.052229640179073604,0.47453589178396777,0.00898160922365673,0.009833110206934205,0.004896705506824377,0.00370689679409086,0.43085403816219237,0.900848409757501,0.4773714142690589
0.29427271762092816,0.003924189758484536,0.015966450308342567,0.08019342305173777,0.04134718144086694,0.1385373272500199,0.05018033249336678,0.4765850197137481,0.00930648528646086,0.00950823340052467,0.005048179336841863,0.003555422964002739,0.41324817671473596,0.9047387374983701,0.49463855619049557
0.29427271762092816,0.008659643233600654,0.016784586692939734,0.08430261169089452,0.03634004739293591,0.12176048911821946,0.047085343902716605,0.4796799916788264,0.009834909450917643,0.008979809917621673,0.005301116752927035,0.003302485550117102,0.3838491638494974,0.9106141943627826,0.5227242170490684
0.29427271762092816,0.019109529749704406,0.017954470281841578,0.09017849286840979,0.02961821671947411,0.0992384106185523,0.043059094417688994,0.4837062908729476,0.010599767091021915,0.008214952127424891,0.005683399634653774,0.0029202026768141423,0.33941627833282634,0.918257547629235,0.5633763102151116
0.29427271762092816,0.042169650342858224,0.01943312464202519,0.09760521206447331,0.021751167349522597,0.0728791773049644,0.03853799087233719,0.48822744846648874,0.011582415902127751,0.007232304853234917,0.006207294481704298,0.0023963078193339764,0.27852377823702895,0.9268403201988579,0.6156039227330263
0.29427271762092816,0.0930572040929699,0.02099940170080249,0.10547202747621548,0.01405616738134625,0.047096410893221224,0.03431776141858836,0.4924477395873921,0.01264325201981085,0.006171468615983551,0.006822431508599024,0.0017811707927353696,0.2070261653608879,0.9348519192068386,0.6719872308790753
0.29427271762092816,0.2053525026457146,0.022315064265004108,0.11208010330181332,0.008017287719835677,0.02686261985592627,0.03114615438918797,0.4956193302781502,0.013550730391253644,0.0052639894066533474,0.007397762340209108,0.0012058399616880142,0.14015524188305664,0.9408728261517444,0.7202196225511198
0.29427271762092816,0.4531583637600818,0.023198240672642378,0.11651596853525037,0.004151624725030566,0.013910380169973162,0.02918047787281483,0.49758498315957417,0.014168541528197595,0.004646170108568752,0.007819892968113149,0.0007837093077544742,0.09109083412104166,0.9446044206929841,0.7530565337238835
0.29427271762092816,1.0,0.023699282904427438,0.11903249428301287,0.002019420184731363,0.0067662429405460954,0.028117710119768116,0.4986477691337688,0.01452219322024203,0.004292526900553853,0.008074014189558854,0.0005295881113004756,0.06155422958678369,0.9466219575367535,0.7718527369530588
0.6493816315762113,0.0,0.008870970413606846,0.04455551901909478,0.028731491370895812,0.09626736026500272,0.04253914356423053,0.4842263416247083,0.010705663047617501,0.008109056241910339,0.005737985274452533,0.002865617026324674,0.33307176763224033,0.9192446263844105,0.5690046650643469
0.6493816315762113,0.0017782794100389228,0.009102438756572562,0.0457180961545895,0.026296456259308376,0.08810856271287311,0.04112479013575273,0.48564072230997163,0.011002703684661764,0.007812017186749263,0.005893422101931123,0.0027101802023526303,0.31500528575143766,0.921929607834775,0.5847922889666868
0.6493816315762113,0.003924189758484536,0.00931118988681634,0.04676657443700479,0.024157443535783495,0.08094161525485731,0.03989877838141461,0.4868667100298212,0.011271344250842278,0.007543375064270192,0.0060370800154172875,0.002566522285632618,0.29830787103204703,0.9242570379814514,0.5990705501404335
0.6493816315762113,0.008659643233600654,0.009635359441109586,0.04839475513494445,0.02093622970407817,0.07014865822694658,0.038081565373467796,0.4886839047492841,0.011689937935282474,0.007124781506746445,0.006267138081018787,0.002336464220089493,0.2715681337093556,0.9277067926176065,0.621318748403397
0.6493816315762113,0.019109529749704406,0.01007584003104241,0.0506071218978706,0.016739886784607704,0.05608844625253332,0.035766851350080425,0.49099865230897827,0.01226151330468073,0.006553206491794269,0.00659451242202036,0.002009089878340551,0.23351728824753698,0.9321009992081253,0.6516978959728087
0.6493816315762113,0.042169650342858224,0.01059919308337556,0.053235725727360544,0.011998094251748484,0.040200658058834715,0.03322301602595334,0.49354249053934857,0.012944848078067074,0.005869871751479176,0.0070081807259709935,0.0015954215751253047,0.18543646245968515,0.9369301603619049,0.6880170523580569
0.6493816315762113,0.0930572040929699,0.011116447124336546,0.0558336964631993,0.007544037080166656,0.025276952187733476,0.030902807796621818,0.495862677055496,0.01362478197353161,0.005189937940502556,0.007446976865467178,0.0011566254361336761,0.13443501868031082,0.9413347899866734,0.7241554504018273
0.6493816315762113,0.2053525026457146,0.011522509102740061,0.05787319273613481,0.004193020182555345,0.01404907886835947,0.029201263119548602,0.49756422179080206,0.014161774055741353,0.004652945191267569,0.007815117581088158,0.0007884847207584615,0.09164588193357409,0.9445649649492184,0.7526965388012783
0.6493816315762113,0.4531583637600818,0.011780177723647077,0.05916736507287913,0.0021276820235296397,0.007128983751975337,0.028171305845321296,0.4985941774082685,0.014504011513336834,0.004310708115721546,0.008060713930211912,0.0005428883712877442,0.06310012390892543,0.9465202129962675,0.7708864016733024
0.6493816315762113,1.0,0.011920568611762517,0.059872487124532386,0.001021274084993932,0.0034218676253404377,0.027625416083005602,0.49914006508047376,0.014690967408999663,0.004123753245641434,0.008198738868094541,0.000404863433868814,0.047057432417165944,0.9475565178986524,0.7808230416312767
1.4330125702369627,0.0,0.00483573958372999,0.024288085365782572,0.015822640602225123,0.05301513318980175,0.03526883360824643,0.4914966543661929,0.01239053582223205,0.006424184208367361,0.006670678276360846,0.00193292402546452,0.22466450187433992,0.933046423098322,0.6585554184213555
1.4330125702369627,0.0017782794100389228,0.004914947951233158,0.024685918940787817,0.01434356606479404,0.04805936534801641,0.03447177752463452,0.4922937210638426,0.012601751854364737,0.006212967862094385,0.006797273260073386,0.001806329041158949,0.2099503182405607,0.9345595381303341,0.6697815351105507
1.4330125702369627,0.003924189758484536,0.004984357464130858,0.0250345365144959,0.013068341197492853,0.043786613447337974,0.03379051775650022,0.49297495587141404,0.012787039123115084,0.006027681497738399,0.006910342052226792,0.001693260247624595,0.1968082889714513,0.9358528236033028,0.679629497604257
1.4330125702369627,0.008659643233600654,0.005088715147479751,0.025558685721109017,0.011186261881660666,0.037480543194291886,0.032795122024643936,0.4939703866961469,0.01306597351069189,0.005748745720508937,0.00708426380741781,0.0015193384935488629,0.17659329666808926,0.9377424651354177,0.6944548760007166
1.4330125702369627,0.019109529749704406,0.005224601677708997,0.02624119209613585,0.008796057896213511,0.029471956807980548,0.03154824480086545,0.4952172579177309,0.013429819421619483,0.0053849004894206175,0.007318176775838881,0.0012854255250124985,0.1494055024934495,0.9401095086180735,0.7137932153717133
1.4330125702369627,0.042169650342858224,0.005378019496048452,0.027011751555851213,0.006174952825948451,0.020689716344878397,0.030203067906769368,0.4965624137241774,0.013841479762467785,0.004973240488858639,0.007593110989423286,0.0010104913117946247,0.11744979328618914,0.9426631604385838,0.7356728974746244
1.4330125702369627,0.0930572040929699,0.005521343432352362,0.027731613291833178,0.0037959378837809786,0.012718619922520673,0.029002135564814704,0.4977633583867632,0.014226897192327495,0.00458782304994491,0.007861167066424044,0.0007424352351937943,0.08629353254208244,0.9449429852603837,0.756157785453695
1.4330125702369627,0.2053525026457146,0.005627933240352998,0.028266973938606763,0.0020678161724976838,0.0069283979543177865,0.028141663033640633,0.49862380378991583,0.014514062172174182,0.004300657347614584,0.008068063191075427,0.000535539109927651,0.0622459164419087,0.946576484591265,0.7714205974162256
1.4330125702369627,0.4531583637600818,0.005692693989237641,0.02859224294180693,0.0010342625225075075,0.0034653865730892887,0.027631800777944922,0.4991336805173958,0.014688757069165255,0.004125962649502844,0.008197091139583107,0.00040651116152563767,0.04724894844026562,0.9475443973473803,0.7807056011889972
1.4330125702369627,1.0,0.005726965691473896,0.028764372894327452,0.0004921891431338454,0.001649122525195376,0.027365813234278724,0.4993996705038062,0.014781272499941033,0.00403344767722935,0.008266426916662153,0.0003371753844192342,0.03919002443625906,0.9480493424890267,0.7856227656192577
3.1622776601683795,0.0,0.00247595033930028,0.01243575936233973,0.00822305502824712,0.02755206108302318,0.03125218442743275,0.49551315723697575,0.013518667128178239,0.005296050413658604,0.007376566397680547,0.0012270359037422109,0.14261885437676483,0.9406715249551425,0.718515550292894
3.1622776601683795,0.0017782794100389228,0.0024989265812995786,0.012551160252727928,0.007398732935961567,0.024790098156442494,0.030828239708166012,0.4959371973774971,0.013647604885910627,0.00516711372015897,0.007462219066982599,0.001141383234035421,0.132663411685169,0.941476343097371,0.7253685357541267
3.1622776601683795,0.003924189758484536,0.00251864003860102,0.01265017342882551,0.006697869171802747,0.02244179310362357,0.03046958718203302,0.4962959075396903,0.013758276611777911,0.0050564426624766425,0.007536623729723124,0.0010669785714597364,0.12401532917357694,0.9421572075480591,0.7312506985211464
3.1622776601683795,0.008659643233600654,0.0025475952871628306,0.012795604576526542,0.005678921416606781,0.01902771996801267,0.029951100569480797,0.49681436229990655,0.01392090578865056,0.004893815121772722,0.007647482215163047,0.0009561200875523462,0.11113020498990102,0.9431414876625892,0.7398943547942021
3.1622776601683795,0.019109529749704406,0.0025841611057817225,0.012979260863354611,0.004409498728265454,0.01477440891633085,0.029310041852132044,0.4974554003397945,0.014126406020715214,0.004688313638389778,0.007790239155676074,0.0008133631456662316,0.09453751082140714,0.9443584572857168,0.7508167156707567
3.1622776601683795,0.042169650342858224,0.0026239683824919955,0.013179197688569448,0.0030488949864099215,0.010215587755582073,0.02862894058349709,0.49813655228563636,0.014350283343671093,0.0044644367378872864,0.007949288701532529,0.0006543135994048458,0.07605112097447338,0.94565145027332,0.7627157502989813
3.1622776601683795,0.0930572040929699,0.0026597199817640416,0.01335876435842644,0.0018452514708007,0.006182675483345355,0.02803156954820696,0.4987339132064036,0.014551494026995779,0.004263226449406209,0.008095503637567118,0.0005080986637397057,0.059056502839808074,0.9467854852568909,0.7734100565164782
3.1622776601683795,0.2053525026457146,0.002685359718905803,0.013487543295263653,0.000992405136938018,0.0033251397369078424,0.02761122732995406,0.49915425736163344,0.014695878606742593,0.004118840807919609,0.00820240358768531,0.0004011987133001252,0.04663148054323396,0.9475834538663458,0.7810841226412455
3.1622776601683795,0.4531583637600818,0.002700517273133858,0.013563674092655055,0.0004922126740042328,0.0016492013927086144,0.02736582525809295,0.4993996658338581,0.01478126793030564,0.004033451632867246,0.008266423881413125,0.00033717841967388466,0.039190377225047285,0.9480493203885385,0.7856225483816345
3.1622776601683795,1.0,0.0027084034676988183,0.013603281654778854,0.00023314092581770837,0.000781158946321585,0.02723904713414639,0.49952643488111365,0.014825702029803767,0.003989018123252495,0.008299977267396584,0.00030362503461515137,0.035290454388408485,0.9482899922942218,0.7879841905273025
