RAFi_0_uM,MEKi_0_uM,pMEK,pMEK_obs,pERK,pERK_obs
0.0,0.0,0.055956860421325014,0.28105008159817263,0.1336590125135697,0.4478361441859744
0.0,0.0017782794100389228,0.02183567451144685,0.10967230885896141,0.06704303504226514,0.22463351831288925
0.0,0.003924189758484536,0.012692334761560476,0.06374878218952702,0.03676863561744425,0.12319651067818368
0.0,0.008659643233600654,0.007081958842773964,0.03556999245175856,0.018392290960282307,0.061624970063102046
0.0,0.019109529749704406,0.004140309557957242,0.020795204117249524,0.00877087468942013,0.029387578263855376
0.0,0.042169650342858224,0.00271065587649793,0.013614596166798682,0.004057749222962596,0.01359584164838852
0.0,0.0930572040929699,0.002033796641655538,0.010214988934082646,0.001838575599118688,0.006160307413716478
0.0,0.2053525026457146,0.0017041055298046247,0.008559075681244628,0.0008192420899058956,0.002744941879730349
0.0,0.4531583637600818,0.0015161944174564568,0.0076152695821955834,0.0003570840736714171,0.001196441263764863
0.0,1.0,0.0013623007527529913,0.0068423204976594395,0.00014982296125416627,0.0005019948574504933
0.005623413251903491,0.0,0.03449212261722713,0.17324084665120956,0.10329147495445032,0.3460870689712136
0.005623413251903491,0.0017782794100389228,0.01198553512927424,0.060198795789011994,0.03681284053919681,0.12334462308858876
0.005623413251903491,0.003924189758484536,0.0068796281648148125,0.034553762224028034,0.020075511880023027,0.06726474812610314
0.005623413251903491,0.008659643233600654,0.00382020190335018,0.01918742481468615,0.010055711847398436,0.03369253687476112
0.005623413251903491,0.019109529749704406,0.002229328605971408,0.011197071790080832,0.00478270131960684,0.016024856610843335
0.005623413251903491,0.042169650342858224,0.0014583590431003642,0.007324784224114779,0.002201725021772389,0.007377071166398069
0.005623413251903491,0.0930572040929699,0.0010937558657196755,0.005493520749755586,0.0009933956651130584,0.003328458549658214
0.005623413251903491,0.2053525026457146,0.0009162578118712139,0.00460201539101247,0.00044149564688891535,0.00147926959558348
0.005623413251903491,0.4531583637600818,0.0008151310453980936,0.004094094125594218,0.00019217430783907214,0.0006438967412199296
0.005623413251903491,1.0,0.0007323434069431255,0.003678283469642109,8.05774946123551e-05,0.0002699819024934279
0.012409377607517195,0.0,0.03271622328223652,0.16432117801550158,0.09980914117960327,0.33441920678470405
0.012409377607517195,0.0017782794100389228,0.011271368472897194,0.05661180759705165,0.034630134778398526,0.11603127746635217
0.012409377607517195,0.003924189758484536,0.006464446971608007,0.032468464625375226,0.018886062035646904,0.06327939300959896
0.012409377607517195,0.008659643233600654,0.003588396176956746,0.018023152595951653,0.009459023953210216,0.031693282209458926
0.012409377607517195,0.019109529749704406,0.0020936023526463405,0.01051537032948014,0.004496614975053581,0.015066299455650791
0.012409377607517195,0.042169650342858224,0.0013693115040182544,0.006877532228258723,0.002068732651484584,0.006931468655402883
0.012409377607517195,0.0930572040929699,0.0010268045009568197,0.005157249444569655,0.0009329327048038147,0.003125872152215751
0.012409377607517195,0.2053525026457146,0.0008600752293545068,0.004319831631196996,0.0004144984147893614,0.0013888129943935732
0.012409377607517195,0.4531583637600818,0.0007650999013888435,0.0038428066565638305,0.00018039368140095995,0.0006044247276513939
0.012409377607517195,1.0,0.0006873704695760072,0.0034524014207265056,7.563188886629495e-05,0.00025341121913762644
0.027384196342643614,0.0,0.030951379921269756,0.15545703925933566,0.0960078352822273,0.3216826005048956
0.027384196342643614,0.0017782794100389228,0.010579610151173816,0.05313736827414429,0.032518928041332454,0.10895749541487722
0.027384196342643614,0.003924189758484536,0.006063401117409031,0.030454163453421175,0.017736869455962565,0.059428923374930595
0.027384196342643614,0.008659643233600654,0.0033645606646854217,0.01689891173766375,0.008882069883192978,0.02976014742413438
0.027384196342643614,0.019109529749704406,0.001962371741270309,0.009856248749357576,0.004219630809656977,0.014138239920271953
0.027384196342643614,0.042169650342858224,0.0012830188549012534,0.006444116989592512,0.001939752476588061,0.00649930936033411
0.027384196342643614,0.0930572040929699,0.0009617778834420705,0.004830645421837199,0.0008741881308553152,0.0029290433245241845
0.027384196342643614,0.2053525026457146,0.0008054179485668466,0.004045308851831036,0.0003882309323348804,0.0013008015118238622
0.027384196342643614,0.4531583637600818,0.0007163802753035873,0.003598106433459255,0.00016892138845979083,0.0005659858020064212
0.027384196342643614,1.0,0.0006435552804078204,0.0032323343375303725,7.081352635264157e-05,0.0002372668787091455
0.060429639023813285,0.0,0.0289848687115591,0.1455799995321291,0.09130218523458167,0.30591591106047933
0.060429639023813285,0.0017782794100389228,0.009832443053032058,0.049384631126357686,0.030241891470661884,0.1013280868741138
0.060429639023813285,0.003924189758484536,0.005631694530952069,0.028285865031839937,0.016499405757044228,0.05528269360236039
0.060429639023813285,0.008659643233600654,0.0031236540204115557,0.0156889290642741,0.00826024099692464,0.027676655687861245
0.060429639023813285,0.019109529749704406,0.0018208132342251375,0.009145254074947182,0.0039204740163617125,0.01313588906801296
0.060429639023813285,0.042169650342858224,0.0011895933938731952,0.005974876332049966,0.0018000259440357916,0.006031143458468629
0.060429639023813285,0.0930572040929699,0.0008911181705262799,0.004475748521191007,0.0008103439477205865,0.0027151278646876157
0.060429639023813285,0.2053525026457146,0.0007458675674042253,0.003746209876265844,0.00035961158287091123,0.0012049098844490102
0.060429639023813285,0.4531583637600818,0.0006632166628020317,0.00333108579442543,0.00015640284868651897,0.0005240413608210756
0.060429639023813285,1.0,0.0005957060756557691,0.002992005902981287,6.55516048265184e-05,0.00021963635224105064
0.1333521432163324,0.0,0.02660283927830849,0.1336159694097229,0.08491966866045882,0.2845307343177576
0.1333521432163324,0.0017782794100389228,0.008962137653124175,0.04501341725847866,0.027593575512534066,0.09245467398915884
0.1333521432163324,0.003924189758484536,0.005131004493438439,0.025771088928917583,0.015063349190843784,0.050471061212252644
0.1333521432163324,0.008659643233600654,0.002844273618455296,0.01428570731018197,0.007537897423950893,0.025256380691721574
0.1333521432163324,0.019109529749704406,0.001656109692709916,0.008318010683119987,0.0035719399669116806,0.011968095446573523
0.1333521432163324,0.042169650342858224,0.0010803241569815015,0.005426058434496429,0.0016365162809353598,0.0054832901332856855
0.1333521432163324,0.0930572040929699,0.0008080457870446305,0.004058507439260832,0.0007352804545814233,0.0024636210752383603
0.1333521432163324,0.2053525026457146,0.0006755923618714612,0.0033932442292734827,0.000325840509010019,0.0010917569762466535
0.1333521432163324,0.4531583637600818,0.0006003409296116916,0.003015284825218631,0.00014159832305487028,0.00047443750346093204
0.1333521432163324,1.0,0.0005390531001445225,0.0027074594685838637,5.932175513369318e-05,0.0001987626972759598
0.29427271762092816,0.0,0.023614472036979955,0.11860653444254879,0.07606384547011728,0.25485852864432396
0.29427271762092816,0.0017782794100389228,0.007922629365110352,0.03979236154877885,0.02443507900283516,0.08187185682158821
0.29427271762092816,0.003924189758484536,0.004536292553534164,0.022784076482087703,0.013355725468979486,0.044749519462717276
0.29427271762092816,0.008659643233600654,0.002512471265266426,0.012619189978008611,0.006678120963576324,0.022375624966647894
0.29427271762092816,0.019109529749704406,0.001459661338256704,0.007331325121903478,0.003155563600282627,0.010572990216491327
0.29427271762092816,0.042169650342858224,0.0009490986659441577,0.0047669625539828765,0.001440041907405063,0.004824985643327957
0.29427271762092816,0.0930572040929699,0.0007076015235598815,0.0035540139987806636,0.0006445212626194633,0.0021595245322232155
0.29427271762092816,0.2053525026457146,0.0005902030893211397,0.0029643662487823666,0.00028481195702384054,0.0009542872365157898
0.29427271762092816,0.4531583637600818,0.0005237238346591757,0.002630466202284672,0.00012356012507579596,0.00041399895082933855
0.29427271762092816,1.0,0.0004699191834763389,0.0023602260028496437,5.171983263799137e-05,0.000173291796072963
0.6493816315762113,0.0,0.01991705833828191,0.1000358281145295,0.0643860142310155,0.21573093960238043
0.6493816315762113,0.0017782794100389228,0.006710896045837443,0.03370628480236929,0.020757338504475194,0.06954926750364136
0.6493816315762113,0.003924189758484536,0.0038480990192965325,0.0193275414474649,0.011375639898619746,0.03811507059257205
0.6493816315762113,0.008659643233600654,0.0021287119242333315,0.010691712377799886,0.0056806927249041924,0.019033654903983694
0.6493816315762113,0.019109529749704406,0.0012312729915530045,0.006184217106605328,0.0026705140639011297,0.008947789571878775
0.6493816315762113,0.042169650342858224,0.0007952404009327056,0.003994190853980988,0.001209532719555323,0.004052644562217598
0.6493816315762113,0.0930572040929699,0.000588839640246093,0.002957518114291627,0.0005372164798068855,0.0017999905266633059
0.6493816315762113,0.2053525026457146,0.000488626766405788,0.0024541869045271235,0.00023601485244903898,0.0007907882926942769
0.6493816315762113,0.4531583637600818,0.00043225993385470553,0.0021710777279540946,0.00010202934305564189,0.0003418581931001816
0.6493816315762113,1.0,0.00038724132741492593,0.0019449664594376685,4.262923663587685e-05,0.00014283296355585004
1.4330125702369627,0.0,0.015616762464102466,0.0784370733399857,0.05047970683312698,0.16913664732126296
1.4330125702369627,0.0017782794100389228,0.005391520127069259,0.02707956011869701,0.01675260165510241,0.05613104847761214
1.4330125702369627,0.003924189758484536,0.003106188603351693,0.015601206903634406,0.009233464403648356,0.030937525331913022
1.4330125702369627,0.008659643233600654,0.0017157870937979628,0.008617747626160249,0.004603055064873354,0.015422936224431224
1.4330125702369627,0.019109529749704406,0.000984216756066202,0.004943347367685617,0.002144508312993224,0.007185361565842894
1.4330125702369627,0.042169650342858224,0.0006272067689764612,0.003150221665862001,0.0009575960660244514,0.0032085088983166313
1.4330125702369627,0.0930572040929699,0.00045787896530970646,0.0022997523284536848,0.0004188983350391618,0.0014035552938551567
1.4330125702369627,0.2053525026457146,0.00037583071778759484,0.0018876551354923784,0.00018183978910153714,0.0006092700301495547
1.4330125702369627,0.4531583637600818,0.0003302783188855798,0.001658862755016741,7.802637092782638e-05,0.00026143414733894135
1.4330125702369627,1.0,0.0002948661148454555,0.0014810007757796787,3.24731890502105e-05,0.00010880424290814179
3.1622776601683795,0.0,0.011148504806074678,0.05599471023576863,0.03604332154460911,0.12076628308893864
3.1622776601683795,0.0017782794100389228,0.004097677491168296,0.020581079425917918,0.012815924905489242,0.04294087073390353
3.1622776601683795,0.003924189758484536,0.002389052436232165,0.011999304014371348,0.007151414731731846,0.023961436884479624
3.1622776601683795,0.008659643233600654,0.0013190834110898884,0.006625255528186985,0.0035623329088625413,0.011935906155275101
3.1622776601683795,0.019109529749704406,0.0007461437631093278,0.003747597049983469,0.0016361376182239746,0.005482021354548171
3.1622776601683795,0.042169650342858224,0.00046384538393527675,0.0023297194059345846,0.0007124491076642591,0.002387122693634555
3.1622776601683795,0.0930572040929699,0.00032932903139893885,0.0016540947788046682,0.00030276372079335887,0.0010144361711353419
3.1622776601683795,0.2053525026457146,0.0002643180898574771,0.001327569506463529,0.0001282928298598894,0.0004298562858387297
3.1622776601683795,0.4531583637600818,0.0002290329935778869,0.0011503458723617563,5.42003913143107e-05,0.00018160312780086425
3.1622776601683795,1.0,0.0002029624474133599,0.0010194034695762424,2.236978439127511e-05,7.495190739848028e-05
