RAFi_0_uM,MEKi_0_uM,pMEK,pMEK_obs,pERK,pERK_obs,gdpRAS,gtpRAS,bound_CRAF,unbound_CRAF,uS1134SOS1,pS1134SOS1,pS1134SOS1_obs,gtpRAS_obs,bound_CRAF_obs
0.0,0.0,0.15302784012499357,0.7686007836993453,0.21212152045716332,0.7107316000999686,0.1747139605724783,0.3520515236826963,0.012956910131368791,0.005857810345644068,0.0019214009476394328,0.006682201353420635,0.7766748298671717,0.6683268631020561,0.6886581252801005
0.0,0.0017782794100389228,0.15306022334554362,0.7687634353554249,0.20517868595706643,0.6874690294581766,0.17005567999218532,0.3567098029235296,0.012987398618948345,0.005827320529788323,0.001971033957541646,0.006632568343823897,0.7709059660708855,0.6771700395954101,0.6902786332487137
0.0,0.003924189758484536,0.15309529989758047,0.7689396120052635,0.19771559226717703,0.662463284975052,0.16494389727957584,0.3618215881652981,0.013020346197149214,0.005794373590987682,0.002027327509143815,0.006576274791919404,0.7643629449383916,0.6868741369031146,0.6920297694446047
0.0,0.008659643233600654,0.15316073584433748,0.7692682737345506,0.18394727616778805,0.6163313453952114,0.1552415705764134,0.3715239219108435,0.01308160727303787,0.005733112577394695,0.0021400883094766046,0.006463513991864623,0.7512567138135867,0.7052928242444256,0.6952857856524027
0.0,0.019109529749704406,0.1532673838009541,0.769803920777585,0.1619548454621489,0.5426437917571106,0.13909050590445576,0.38767498017817,0.013180875334497754,0.005633845128318438,0.002348760921308827,0.00625484137929339,0.7270026159688456,0.7359536462063521,0.7005618478652029
0.0,0.042169650342858224,0.15341422668162102,0.7705414568067759,0.13276479078427567,0.44483997525876123,0.1167701032184113,0.4099953756576512,0.013316389927388001,0.0054983309601018574,0.002697921073674483,0.005905681226372514,0.6864195973284649,0.7783262041628862,0.7077644152692288
0.0,0.0930572040929699,0.15360381018514235,0.7714936618093354,0.0980905162347301,0.32866080301328177,0.09002410865427135,0.436741392007518,0.013489332774065452,0.005325387580916216,0.0032765095442684414,0.005327092757318122,0.6191700372221726,0.8291002190895719,0.7169563256619865
0.0,0.2053525026457146,0.15392012211558537,0.7730823896273525,0.054084080479811086,0.18121341605331936,0.0584070982157637,0.4683583897974333,0.013772735293650008,0.005041984623564617,0.004501786397125359,0.004101815903794675,0.4767556379676038,0.8891212512116955,0.7320191506570645
0.0,0.4531583637600818,0.15427534115298558,0.7748665263831218,0.026619395841148835,0.08919060170090744,0.04131121962288663,0.4854542617867545,0.01408311102837962,0.004731609108205935,0.005872325103227596,0.002731277197246184,0.3174573977106983,0.9215756895984587,0.7485155732396326
0.0,1.0,0.1546130812244094,0.7765627668341624,0.012744387997342226,0.04270118024896306,0.03361833153953327,0.4931471525870092,0.01437038470110191,0.0044443354925419315,0.006939667334805658,0.0016639349656882058,0.19339980017354969,0.9361796994059335,0.7637841303617492
0.005623413251903491,0.0,0.12058421769268693,0.6056487713587103,0.19110147461522684,0.6403021288606697,0.1603257646282701,0.3664395945727023,0.018255946610534275,0.0005587738087095904,0.002079974748937366,0.006523627552884304,0.758243736057283,0.6956410253106602,0.9703012430555135
0.005623413251903491,0.0017782794100389228,0.12059320715086412,0.6056939278954588,0.1839566272662528,0.6163626730683835,0.1552481865343273,0.3715171441588404,0.01825969855674704,0.0005550219700924682,0.0021400074684809027,0.0064635948326263485,0.7512661099868025,0.7052801741336399,0.9705006529700657
0.005623413251903491,0.003924189758484536,0.12060259472955362,0.605741082507896,0.17651665536141167,0.5914344044008016,0.14986788228332432,0.37689733716442236,0.01826361447443373,0.0005511046293888232,0.0022063170415191026,0.006397285268503029,0.7435589231095658,0.715493968184835,0.9707088569142203
0.005623413251903491,0.008659643233600654,0.12061936528217396,0.605825314384519,0.16329865380688324,0.5471463386670897,0.14009759459384985,0.386668060237792,0.018270605576298338,0.0005441133308279034,0.002334849968883588,0.006268752328399777,0.7286194912076736,0.7340418964128819,0.971080443268179
0.005623413251903491,0.019109529749704406,0.12064536053412278,0.6059558692824457,0.14305294759027995,0.4793113496594657,0.12471336793480166,0.4020511996036753,0.01828143032490157,0.0005332912290869429,0.0025636015762119943,0.006040000723882119,0.7020316041126226,0.7632464755221186,0.9716556406345599
0.005623413251903491,0.042169650342858224,0.1206804540686752,0.606132143556639,0.11653074802558767,0.3904463946870636,0.10418594632658684,0.422579202759451,0.018296023854100413,0.0005186962142940263,0.002941076496184249,0.00566252580307719,0.6581575491423262,0.8022155670181389,0.9724313615930248
0.005623413251903491,0.0930572040929699,0.12073434524389093,0.6064028143285906,0.0798924637102209,0.26768664675439524,0.07645374186167098,0.4503117020205217,0.01831838331228954,0.0004963370356397242,0.003692063288949106,0.004911539011664382,0.5708700658227961,0.8548618882472281,0.9736197495120169
0.005623413251903491,0.2053525026457146,0.12081218452995363,0.6067937790875726,0.04233165770329559,0.1418359030448476,0.05079833633168875,0.4759672583480394,0.018350570609713398,0.00046414715297589924,0.00500126114474226,0.003602341156079521,0.41870149620182234,0.9035655767105025,0.9753306343028788
0.005623413251903491,0.4531583637600818,0.12089160091311271,0.607192660036251,0.020924006901109172,0.07010770579531286,0.038074737252563044,0.4886907379834389,0.018383271480763064,0.0004314475714734981,0.00626804442696413,0.0023355578745860852,0.27146278880943386,0.9277197556739948,0.9770686147225665
0.005623413251903491,1.0,0.12096065789902428,0.6075394294433617,0.01002454312603532,0.033588103447009424,0.03218668969982082,0.4945788382940539,0.01841158370114715,0.0004031363846390131,0.007196056130994147,0.0014075461704260131,0.1635996320045704,0.9388975018498273,0.9785733519924342
0.012409377607517195,0.0,0.11139601654679117,0.5594999315981753,0.1844441291597335,0.6179960921439581,0.15559759062782227,0.3711679439263472,0.018352616362212474,0.000462102665078549,0.0021358014207926925,0.006467800879830209,0.7517549805111214,0.7046169872151685,0.9754393002410368
0.012409377607517195,0.0017782794100389228,0.11140411436392189,0.5595405998302645,0.17728998586971678,0.5940255036909817,0.15043152689412156,0.3763340309901156,0.01835575877233078,0.00045895997718940697,0.002199233893110405,0.006404368407639415,0.7443821998933239,0.714424140601879,0.97560633335531
0.012409377607517195,0.003924189758484536,0.11141248465556658,0.5595826543251489,0.16991474859165298,0.5693141384927319,0.1450196468531742,0.3817454082912029,0.018359008199019346,0.000455710692037956,0.002268695585994757,0.006334906719403969,0.7363086407921065,0.7246976703619301,0.9757790326458418
0.012409377607517195,0.008659643233600654,0.11142727875945797,0.5596569506909685,0.15695427745198742,0.5258889612384205,0.13532454086919662,0.3914430003070057,0.018364748211025742,0.00044997070698447563,0.002402015337158476,0.006201586956714885,0.720812834541532,0.7431038735472691,0.9760841121812486
0.012409377607517195,0.019109529749704406,0.11144999081167044,0.559771022321047,0.13730249317770543,0.460043945878929,0.1202802797587013,0.4064850901314225,0.01837356012491277,0.0004411600089280918,0.002636982235785592,0.005966620063769734,0.6935025418455381,0.7716625149755224,0.9765524012161836
0.012409377607517195,0.042169650342858224,0.11148097261925617,0.5599266302990916,0.1113992516135264,0.37325286446508305,0.10021990902942747,0.42654518278257575,0.018385577742880584,0.00042914340806423317,0.003027320818486936,0.005576281482689421,0.6481333385118213,0.8097445890260416,0.9771910832681842
0.012409377607517195,0.0930572040929699,0.11153164345195082,0.5601811289413576,0.0739834853855315,0.2478880854069609,0.07217918107396243,0.4545863560537163,0.018405224582051675,0.00040949664249997214,0.003850638765925847,0.004752963535272317,0.5524387772561737,0.8629766452309333,0.978235306406474
0.012409377607517195,0.2053525026457146,0.11160033475679684,0.5605261493772141,0.03908918275561601,0.1309717081277759,0.04877465562814657,0.47799085194830104,0.018431840007492543,0.00038288057297900684,0.0051591892157294246,0.0034444130851906114,0.4003454558589115,0.9074072714962881,0.9796499463629339
0.012409377607517195,0.4531583637600818,0.11166968934242735,0.5608744959605523,0.019353361052192524,0.06484512473227014,0.03720144721605134,0.48956399384680793,0.018458684336295928,0.0003560349222764974,0.0063867335291603825,0.0022168687717160477,0.25766750881665235,0.9293775857030646,0.9810767879454657
0.012409377607517195,1.0,0.11172883671430284,0.5611714996149202,0.0092757723088859,0.031079281450425662,0.0317969250773362,0.49496832537401525,0.01848154791844769,0.0003331724412234292,0.0072699995534243455,0.001333602747715804,0.15500515958752242,0.9396373905642209,0.9822919270202085
0.027384196342643614,0.0,0.09546569453841888,0.4794879640924472,0.171972414435272,0.5762085394421992,0.14653798855248426,0.3802274053666786,0.018401420951665255,0.0004132982055222727,0.0022488785447294544,0.006354723756267349,0.7386119829749799,0.7218154604609963,0.9780332514097406
0.027384196342643614,0.0017782794100389228,0.0954733291068452,0.47952631167590526,0.16486652886352332,0.5523996598591403,0.14126945653544865,0.3854960683350825,0.018404266055415532,0.0004104540400813831,0.0023188263595644715,0.006284775941033048,0.7304819215779617,0.7318171940539021,0.9781844195396975
0.027384196342643614,0.003924189758484536,0.09548108304653301,0.4795652540845278,0.15767323679492362,0.5282978710352536,0.13586672350594658,0.39089821255908186,0.01840715562903342,0.00040756378051592457,0.0023942104965876307,0.006209391804721966,0.7217199944001135,0.7420733344157622,0.9783380356813043
0.027384196342643614,0.008659643233600654,0.09549455177449942,0.4796329056332356,0.14526405194585382,0.48671983655809103,0.1264128686014289,0.40035302468401496,0.018412177133207627,0.00040254244237040147,0.0025364615804248456,0.006067140718750921,0.7051860962160186,0.7600207792251126,0.9786049193689333
0.027384196342643614,0.019109529749704406,0.09551504585866086,0.47973583868786623,0.12669511974280093,0.42450301344692465,0.11206539601848706,0.41470020695733273,0.018419820941396225,0.0003948992746005426,0.0027839772019441753,0.005819625111217347,0.6764172609785398,0.7872575669607058,0.9790111534975263
0.027384196342643614,0.042169650342858224,0.0955444793229194,0.4798836708926041,0.10124039448771137,0.3392147444336393,0.09242173621711562,0.43434372543027533,0.018430805963962175,0.00038391423858071693,0.003213897349288777,0.005389704950899364,0.6264474766321432,0.8245486028486398,0.9795950067581218
0.027384196342643614,0.0930572040929699,0.09559629327229799,0.4801439112174148,0.06343191866169931,0.2125341573232453,0.06474749065361324,0.46201823188217384,0.018450163113892425,0.00036455740066452944,0.004170498370331241,0.004433103928666937,0.515261372458271,0.8770848445834208,0.9806238205673864
0.027384196342643614,0.2053525026457146,0.0956594559940115,0.48046116269626227,0.03350693611493279,0.11226790391648253,0.0453702286240321,0.4813952460227116,0.0184737905195304,0.00034092934725380645,0.005455788223858012,0.0031478140772174972,0.3658716392346493,0.9138701551113266,0.9818796479741542
0.027384196342643614,0.4531583637600818,0.09572223976771091,0.48077650752299705,0.016637290974913177,0.05574469101013609,0.03571100466563759,0.491054488129179,0.01849730447491863,0.0003174149167910606,0.0066029452208345345,0.0020006570799389126,0.23253714083914098,0.9322070159224575,0.983129436576614
0.027384196342643614,1.0,0.09577392430601765,0.4810360360861408,0.007978066426321444,0.026731205337958232,0.031125958139766815,0.49563952795205873,0.018516676308707673,0.0002980436989078779,0.007401816326050801,0.0012017859750111078,0.13968404546811466,0.9409111664268383,0.9841590149209108
0.060429639023813285,0.0,0.0727413033712177,0.3653519707696404,0.15156988624177403,0.5078480838891883,0.13123575971541404,0.3955297162995419,0.018425668146717603,0.0003890514546236001,0.0024621249884357226,0.006141477312655059,0.7138262669203609,0.7508649186574856,0.9793219637142048
0.060429639023813285,0.0017782794100389228,0.07274812535396272,0.36538623513469565,0.14469872695807856,0.48482566754521916,0.1259786567948641,0.40078681773970976,0.018428333430771236,0.0003863861048941884,0.0025433457826757816,0.006060256518351273,0.7043859428076807,0.7608448866050393,0.9794636266481809
0.060429639023813285,0.003924189758484536,0.07275489720878095,0.3654202479585993,0.1379211073294148,0.4621166638527812,0.12075815599230844,0.4060073061466904,0.01843098053795017,0.00038373873011558583,0.0026288871646857623,0.005974715136503892,0.6944434351269055,0.7707553652018986,0.9796043339978554
0.060429639023813285,0.008659643233600654,0.07276647473280348,0.36547839815301175,0.12646939680246014,0.42374671251894647,0.11189028722469327,0.41487521385970694,0.018435508574300683,0.00037921026271807033,0.002787283513130353,0.00581631878732846,0.6760329666816755,0.7875899484792461,0.9798450210176961
0.060429639023813285,0.019109529749704406,0.07278484388861911,0.3655706561408226,0.10913287439598879,0.36565918076342196,0.09847318414115508,0.42829241348859753,0.018442703620022833,0.0003720165297311027,0.0030670429188971197,0.005536559381031855,0.6435164234727077,0.8130607150803979,0.9802273684237622
0.060429639023813285,0.042169650342858224,0.07281679848403153,0.36573115302314774,0.0811903813803157,0.2720354326443816,0.07740245716566799,0.4493630842425888,0.01845523044352614,0.00035948961940646725,0.0036589657024021422,0.004944636599493735,0.5747170110831532,0.8530608950639809,0.9808931720374247
0.060429639023813285,0.0930572040929699,0.07286613177376429,0.3659789357775034,0.04821982454058437,0.16156471730737637,0.05455779953421492,0.4722075134398353,0.018474612113711895,0.0003401078937161986,0.004737891072422419,0.003865711229302048,0.4493131009236936,0.8964286406289925,0.9819233082617267
0.060429639023813285,0.2053525026457146,0.0729215340141717,0.3662572028538636,0.025596071533967635,0.08576186320325029,0.040721665063200005,0.486043887627345,0.01849643640316221,0.0003182859356893032,0.005939701802556084,0.00266390049706466,0.3096261780001254,0.9226948974639548,0.9830831446801608
0.060429639023813285,0.4531583637600818,0.07297461177905631,0.36652380115188565,0.012756175917779151,0.04274067790398435,0.03362459399970772,0.4931409264358711,0.018517399831381336,0.00029731907501914003,0.006938595891648216,0.0016650064089051087,0.19352433442885042,0.9361678152892324,0.9841975276644713
0.060429639023813285,1.0,0.07301569244779457,0.3667300832182754,0.006116801880265819,0.020494876658661863,0.03017348954745341,0.49659203124822765,0.018533657167180046,0.0002810629469942097,0.007599445019477857,0.0010041572817320772,0.11671358653931058,0.9427193156038843,0.9850615398321836
0.1333521432163324,0.0,0.04779897634598798,0.24007612497937053,0.12359972586843546,0.41413163118701085,0.10966452222134883,0.417101011454032,0.018441517357389168,0.000373201962217975,0.0028300125714751595,0.005773589729629479,0.6710665518428477,0.7918153045128236,0.9801643619615916
0.1333521432163324,0.0017782794100389228,0.04780434476307087,0.24010309127911816,0.11711322205155925,0.3923980860972121,0.10463727802245396,0.4221290053617186,0.018444121540267998,0.0003705971247896425,0.0029315964836823007,0.005672005807885238,0.6592594143321128,0.8013591960551851,0.9803028080628224
0.1333521432163324,0.003924189758484536,0.047809722469414034,0.24013009883370723,0.11072353388295478,0.37098882925891635,0.09969883167547589,0.4270665771161415,0.018446731284994033,0.00036798774279646595,0.0030390558481628244,0.005564546455756386,0.646769371617928,0.810733905432055,0.9804414967742585
0.1333521432163324,0.008659643233600654,0.047819634557497534,0.2401798832029687,0.09929210178842254,0.33268682709011704,0.09093741525307922,0.4358281865114254,0.01845154527755232,0.0003631739927849604,0.0032523391523692196,0.005351263148953337,0.6219793711444257,0.8273664511341148,0.9806973472435735
0.1333521432163324,0.019109529749704406,0.047838614173810856,0.24027520733703361,0.07910020851590466,0.26503210848959835,0.07587628667197223,0.4508889864994107,0.018460775085401306,0.00035394362074923165,0.0037125621477818943,0.0048910401535920255,0.5684874756252934,0.8559580698720688,0.9811879398104674
0.1333521432163324,0.042169650342858224,0.04786822965307698,0.24042395686131776,0.053514407347526036,0.17930467384944507,0.058028700495161255,0.4687367983425343,0.01847521022611046,0.00033951026417561916,0.0045236854203898275,0.004079916881348827,0.4742103061323905,0.8898395953736511,0.9819550726596812
0.1333521432163324,0.0930572040929699,0.047905409757448406,0.2406106972670348,0.031677128630427265,0.10613697327770602,0.0442765099708543,0.48248897314366845,0.01849338509309712,0.0003213356629414593,0.005560574469206056,0.003043027832296375,0.3536922937227092,0.9159464479163175,0.9829210506439046
0.1333521432163324,0.2053525026457146,0.04794592612989626,0.24081420104244072,0.016943689351058305,0.056771305090572495,0.03587789359621685,0.4908876237067298,0.01851325705625892,0.0003014620511140211,0.006577824727624394,0.002025777573276345,0.23545690542486605,0.931890200824242,0.9839773291648088
0.1333521432163324,0.4531583637600818,0.04798182380268056,0.24099450291339253,0.008465808649477623,0.028365428332360484,0.031377475792261196,0.49538793558815497,0.0185309205320653,0.00028379987970378567,0.007351716167515329,0.001251886133807277,0.145507206163496,0.9404336824051618,0.9849160724426039
0.1333521432163324,1.0,0.048007175867641125,0.24112180505223316,0.004052632656146505,0.01357869798586462,0.029130808258183104,0.4976347697520755,0.01854342367030818,0.0002712968528434528,0.007831336489584968,0.0007722658117544888,0.08976075191600362,0.9446987246808758,0.9855806068174321
0.29427271762092816,0.0,0.0272673441075392,0.13695352670873973,0.08677084570341191,0.2907332659639052,0.08151805792641796,0.44524729861317475,0.018458294853962595,0.00035642332677804643,0.003523170613482544,0.005080431687384776,0.59050052637517,0.8452478757108802,0.9810561432090493
0.29427271762092816,0.0017782794100389228,0.02727265510787387,0.13698020088380145,0.07852987505962815,0.263121172287219,0.07546144827062577,0.45130396245226956,0.01846221288164096,0.00035250628242434627,0.003727460469073289,0.004876141831959027,0.5667558380021769,0.8567456276845002,0.9812643346227771
0.29427271762092816,0.003924189758484536,0.027277916081874548,0.13700662454107135,0.07089120465492829,0.23752714573048664,0.0699731383250253,0.45679220924318875,0.018466097288039846,0.000348621953607239,0.003939178677681326,0.004664423622810968,0.5421477492682423,0.8671645000035573,0.9814707862961065
0.29427271762092816,0.008659643233600654,0.027286734101505485,0.13705091405961925,0.05935119364083376,0.198861334146905,0.06194984865961412,0.4648158623985202,0.018472615358991154,0.000342103841696419,0.004308923780014362,0.0042946785227622915,0.4991721341392387,0.8823958215974704,0.981817223098184
0.29427271762092816,0.019109529749704406,0.027299886457936615,0.1371169733078653,0.045079309835009865,0.15104215163242007,0.052539214980004245,0.47422616833624703,0.0184823539536851,0.0003323644621446247,0.0048748105903424765,0.003728791711017583,0.4333988927438143,0.9002606916778694,0.9823348691806627
0.29427271762092816,0.042169650342858224,0.027317912264966,0.13720750930709963,0.03047344648359305,0.10210393218565558,0.0435630799713067,0.48320239291892986,0.018495733474495596,0.00031898654050135325,0.0056317277355384335,0.0029718745652682764,0.3454221221952136,0.917300806121013,0.9830459055331627
0.29427271762092816,0.0930572040929699,0.027339926530558,0.13731807925759099,0.018205556248244496,0.06099930024371231,0.036568556583333675,0.4901970488559997,0.018512122820727568,0.0003025954881113442,0.00647635230365936,0.0021272499937159493,0.24725108392851994,0.9305790731100678,0.9839170864456055
0.29427271762092816,0.2053525026457146,0.02736203761932296,0.13742913626484826,0.009786793723224,0.032791503642313174,0.03206273356378008,0.4947027906441443,0.018528639660683008,0.0002860800211554003,0.007219371111110822,0.0013842311898083826,0.16088972286184033,0.9391328169929286,0.9847948826241855
0.29427271762092816,0.4531583637600818,0.027379502576934982,0.13751685825442464,0.004885856847468841,0.016370488535725727,0.02954997326469784,0.49721553586549144,0.018541724678295634,0.00027299423192855105,0.007736048393905324,0.0008675539070371394,0.10083612383409507,0.9439029838656459,0.9854903900913342
0.29427271762092816,1.0,0.027390624548557316,0.13757270121300127,0.0023303062199672496,0.007807893653783177,0.028271720570617775,0.4984937583325891,0.018550072498155497,0.0002646472968924966,0.008035938397735306,0.0005676639116078483,0.06597979441604233,0.9463295874485107,0.9859340293251587
0.6493816315762113,0.0,0.014051741093157448,0.07057656483858811,0.045411786281217545,0.15215613792562718,0.052751490868666887,0.47401399810083383,0.018482349654398184,0.00033236945787765853,0.00485994194410294,0.0037436603569744897,0.4351270811885006,0.8998577318118104,0.9823346043119612
0.6493816315762113,0.0017782794100389228,0.014054720879505506,0.07059153155815041,0.04052805237723593,0.13579276580157054,0.04966844449548051,0.4770964881924167,0.01848629286722089,0.0003284254077049297,0.005087893630872482,0.003515708670020392,0.40863216906894156,0.9057104195565195,0.9825442293152685
0.6493816315762113,0.003924189758484536,0.014057509077809697,0.07060553527388616,0.036390225836643336,0.12192861578607465,0.047115963062522304,0.47964941111085546,0.018489985707142744,0.0003247330545148439,0.005298456298620144,0.0033051460027004116,0.38415838935199376,0.9105560741602292,0.9827404778870994
0.6493816315762113,0.008659643233600654,0.014062044577074408,0.07062831512763056,0.03045057885173972,0.10202731238379603,0.04354957514495201,0.48321591742753367,0.018495999380786037,0.00031872043568240973,0.00563309714104209,0.0029705051610915785,0.3452629557685275,0.9173264464756873,0.9830600487920402
0.6493816315762113,0.019109529749704406,0.014068666772485437,0.0706615760144014,0.02325688713172194,0.0779242224642105,0.0393872090826479,0.4873782222976326,0.018504794088821715,0.00030992548918212846,0.00609967889117677,0.0025039234092409652,0.29103197960688987,0.9252281817744936,0.983527498887389
0.6493816315762113,0.042169650342858224,0.014077393237370872,0.07070540527701225,0.01584359381252316,0.05308533866897772,0.03528018951142336,0.4914854187116509,0.018516409442652326,0.00029831117652195357,0.006668918744855615,0.0019346835602856544,0.22486901319573338,0.933024880590755,0.9841447990347544
0.6493816315762113,0.0930572040929699,0.01408720741677211,0.07075469812792559,0.009511594755902766,0.03186942582632981,0.03191946663350178,0.49484576187197615,0.018529507994413406,0.00028521228695689923,0.007246547956837988,0.001357054343950691,0.15773094763181836,0.9394047577436684,0.9848410030714456
0.6493816315762113,0.2053525026457146,0.014095983168490887,0.07079877666064821,0.005111421685190893,0.01712626295100991,0.02966384639650029,0.4971016317911898,0.018541252754578262,0.000273466947379613,0.007710650173560521,0.0008929521276794885,0.10378816877097982,0.9436868063211776,0.9854652659347802
0.6493816315762113,0.4531583637600818,0.01410215681555133,0.07082978557804738,0.0025418569400216954,0.008516712862201885,0.028376706931340583,0.498388788897004,0.018549533217905746,0.000265186076864045,0.00801023336752298,0.0005933689335512703,0.06896749905294691,0.9461302853811315,0.9859053928623979
0.6493816315762113,1.0,0.014105753318312222,0.07084783993620138,0.0012072095510768355,0.00404486057912643,0.027716868761134855,0.49904860430246,0.018554361324429954,0.00026035875281366766,0.008175213840607624,0.00042838846055123477,0.04979175530853316,0.9473829053374827,0.9861619651132324
1.4330125702369627,0.0,0.006840924581233984,0.034359368902220404,0.022236136257468134,0.07450410813479622,0.03881067791434779,0.4879547808977046,0.018506265122864834,0.00030845443961993214,0.006172220956512087,0.002431381345082941,0.28260038758790434,0.9263226598002984,0.9836056849747061
1.4330125702369627,0.0017782794100389228,0.006842273745504957,0.034366145370959326,0.019844604591618086,0.06649107357240187,0.03747369122202129,0.48929181855388143,0.01850979684189022,0.00030492202170436834,0.006349131465600035,0.0022544708355117598,0.2620380111270865,0.928860772912102,0.9837934319446887
1.4330125702369627,0.003924189758484536,0.006843501639235027,0.03437231261113016,0.01783477583286794,0.059756967616894544,0.03636505146429646,0.49040047805198417,0.01851301362427269,0.00030170512123481774,0.006505842151291807,0.0020977601498017345,0.2438234679368087,0.9309653927095622,0.9839644097094539
1.4330125702369627,0.008659643233600654,0.006845432414651128,0.03438201018746031,0.01495914436533673,0.05012191416461081,0.03480260701057731,0.49196290487251804,0.018518076671877833,0.00029664221013844924,0.006744006323979633,0.00185959597672261,0.2161415546335546,0.9339315004010705,0.9842335029293481
1.4330125702369627,0.019109529749704406,0.006848111641750344,0.034395466717162246,0.011464241669321477,0.03841193859853509,0.032941386152334544,0.49382411889230066,0.018525112148813982,0.0002896077834577886,0.0070580268805862665,0.0015455754204731656,0.17964282475990856,0.9374648001114974,0.9846073827035264
1.4330125702369627,0.042169650342858224,0.00685138968283696,0.0344119311128668,0.007828259273871412,0.026229263429775884,0.03104886465589686,0.49571661577889947,0.01853373551654735,0.00028098421848336765,0.007417341656509397,0.0011862606446822591,0.13787953035880726,0.941057518366105,0.9850657239416534
1.4330125702369627,0.0930572040929699,0.006854735950349135,0.03442873807350092,0.004695791811033402,0.015733658856434116,0.029454149869129736,0.4973113268875931,0.018542556028066173,0.00027216395169698117,0.007757579650279907,0.0008460226509220702,0.09833353766292469,0.9440848894455307,0.9855345202060025
1.4330125702369627,0.2053525026457146,0.006857431898522484,0.03444227901647116,0.002513997243870046,0.008423366403999127,0.028362872259332435,0.4984026187098911,0.018549675699644004,0.0002650457438974979,0.008013609125882323,0.0005899931746844606,0.06857513330731167,0.9461565483206844,0.9859128531510376
1.4330125702369627,0.4531583637600818,0.006859166371696748,0.0344509913748146,0.0012447066064897195,0.004170497790671461,0.02773532752711848,0.4990301702722772,0.01855426232136504,0.00026045711092715805,0.008170485966623486,0.000433116334477384,0.050341277911226195,0.9473478660941449,0.9861567369173665
1.4330125702369627,1.0,0.00686011826396855,0.034455767785908,0.0005892273370068945,0.0019742574326241445,0.027413356105216658,0.4993521200134573,0.01855677909187657,0.0002579409399619955,0.008253928846785795,0.0003496734549046563,0.040642679966268525,0.9479590873965316,0.9862904715283831
3.1622776601683795,0.0,0.0032590172488513574,0.01636880731673787,0.010757292242614621,0.03604324318498855,0.03256992231230316,0.4941955662823702,0.018526682535692035,0.00028803635488685144,0.007125136778327577,0.0014784655234237796,0.17184261563587405,0.9381699769299728,0.9846909030869933
3.1622776601683795,0.0017782794100389228,0.003259513297567175,0.0163712987506755,0.00959630250089447,0.032153246277713585,0.03196355719006315,0.49480199895747645,0.018529362272714265,0.0002853569570796733,0.007238161005318659,0.0013654412980128585,0.15870576647692414,0.9393210949025862,0.9848333130250598
3.1622776601683795,0.003924189758484536,0.0032599503834071612,0.01637349410111371,0.008623682958851284,0.028894399820733788,0.03145906253036277,0.495306358079355,0.01853172485018384,0.0002829937913967875,0.007335644527988822,0.0012679577734797467,0.14737521901300762,0.9402788009623922,0.9849589145185859
3.1622776601683795,0.008659643233600654,0.0032606126491081366,0.016376820461690037,0.007233803752448897,0.02423748854436563,0.030743691375337574,0.49602175349484495,0.018535307243132463,0.00027941116228634156,0.007479595688132999,0.0011240066126101036,0.13064372030690236,0.9416368486681698,0.9851493306322424
3.1622776601683795,0.019109529749704406,0.0032614853203802264,0.016381203399082975,0.005542621069362583,0.01857103381271397,0.029882010108637783,0.49688345720511246,0.01854003253357106,0.00027468749575709805,0.007662559076593764,0.0009410432242992513,0.10937781540664371,0.9432726479565531,0.9854003941951344
3.1622776601683795,0.042169650342858224,0.003262484046925158,0.016386219664963068,0.003778910593657824,0.012661568545364337,0.028993607605484504,0.497771873287479,0.018545446884018407,0.0002692726942919123,0.00786315385198553,0.000740448449347827,0.086062607662964,0.9449591731858825,0.9856881898679832
3.1622776601683795,0.0930572040929699,0.003263429035517336,0.016390965894488713,0.0022593537583759224,0.00757016121440545,0.028236552675017387,0.4985290649564966,0.018550576533212456,0.00026414447683908613,0.008044596637685347,0.0005590056623869205,0.06497344285453839,0.946396363525061,0.9859607550546206
3.1622776601683795,0.2053525026457146,0.0032641365753437006,0.016394519906574995,0.001204846135482079,0.0040369417826773306,0.02771570618114763,0.49904977558205754,0.018554421439429952,0.0002602980618596123,0.008175512018718278,0.00042809028234381874,0.04975709794151827,0.9473851132227249,0.9861651904062791
3.1622776601683795,0.4531583637600818,0.003264567731303807,0.01639668562889228,0.0005946501067855204,0.001992426924176872,0.027416014266297604,0.4993494673673878,0.01855676631160613,0.0002579532586390177,0.008253231533452096,0.00035037076766911975,0.040723728899400624,0.947954041746866,0.9862898164558899
3.1622776601683795,1.0,0.0032647964812129765,0.016397832380083036,0.000280951671898326,0.0009413530087421696,0.027262426822703505,0.4995030575373681,0.018558008517535966,0.0002567115788952273,0.00829376463125759,0.0003098376695287992,0.03601255133567475,0.9482456090382962,0.9863558119610865
