RAFi_0_uM,MEKi_0_uM,pMEK,pMEK_obs,pERK,pERK_obs,gdpRAS,gtpRAS,bound_CRAF,unbound_CRAF,uS1134SOS1,pS1134SOS1,pS1134SOS1_obs,gtpRAS_obs,bound_CRAF_obs
0.0,0.0,0.07971194352628036,0.40036285236775204,0.15821823197948462,0.530123945010538,0.13627852570967533,0.39048696072656497,0.003048662847948704,0.015766056272258973,0.002388327878363251,0.006215274422591254,0.7224037333643043,0.7412918476651736,0.16203605424405892
0.0,0.0017782794100389228,0.08172769076396402,0.41048718707444454,0.15306321429240785,0.5128516102210479,0.13237254061425302,0.3943929504452926,0.003179319504910676,0.01563539878296672,0.0024451545387861474,0.006158447762518804,0.7157987488083593,0.7487068859655246,0.16898044691740957
0.0,0.003924189758484536,0.0837973617589968,0.4208823540874604,0.14789305752638565,0.49552854747172204,0.128427727813613,0.3983377447889052,0.0033181037225506506,0.0154966167781807,0.0025049306196037505,0.006098671681083348,0.7088509519548919,0.7561956231126771,0.17635679054715
0.0,0.008659643233600654,0.08749160691768805,0.43943716015668743,0.13894559998784098,0.4655493220942028,0.12154905474408285,0.40521636813930756,0.0035782500143703463,0.015236464866091906,0.0026155895993878204,0.00598801270097839,0.695989016219812,0.7692539231623212,0.19018358965865084
0.0,0.019109529749704406,0.09344304069456448,0.4693289404079495,0.12518856571102854,0.4194551734206151,0.11089685868793782,0.4158686729981306,0.00403427408510257,0.014780446681694755,0.002806194425819895,0.005797407874681434,0.6738349440377573,0.7894758635156328,0.21442115113512214
0.0,0.042169650342858224,0.10235401964729758,0.5140854099412058,0.10579434977726684,0.35447316867980627,0.09590667304875324,0.43085882867117703,0.0048171323908045285,0.013997587207444382,0.00312749237707621,0.0054761099240867835,0.6364903597818031,0.8179328890452968,0.25602998575928054
0.0,0.0930572040929699,0.11644021611568296,0.5848350263150565,0.07712182357224334,0.2584033746776024,0.07444013574346724,0.452325345288374,0.006374844440762876,0.012439876361068244,0.003764758891445414,0.004838843409639792,0.5624206280466322,0.8586844840370867,0.33882216525596554
0.0,0.2053525026457146,0.13222161568664606,0.6640990228039412,0.04635456193800093,0.1553149919469815,0.05335524217441179,0.4734102401522473,0.008810941622057524,0.01000377797581135,0.004818269188978623,0.0037853331120538186,0.43997072151970285,0.898711582355875,0.4683004482860074
0.0,0.4531583637600818,0.14325128301684453,0.7194968656059942,0.024735182490621805,0.0828773811029596,0.04022840186001769,0.48653708241307114,0.01119806348908171,0.007616656750531064,0.005997592726629028,0.0026060095741653236,0.3028974937538334,0.9236312874304387,0.5951756574889254
0.0,1.0,0.14938659115630487,0.750312093283278,0.01232271028821379,0.04128831243182157,0.03339473382939621,0.4933707475289846,0.012896759164399767,0.005917960945013045,0.00697821386508783,0.0016253884361948022,0.18891952222762412,0.9366041720439227,0.6854611224297541
0.005623413251903491,0.0,0.11258580098011256,0.5654757579921167,0.18532663669628094,0.6209530044724615,0.15622899438464957,0.37053678488817343,0.015468418166217827,0.0033463067585803303,0.002128229267287931,0.006475373033953189,0.752635094839179,0.7034184821187179,0.8221442634981149
0.005623413251903491,0.0017782794100389228,0.11290464603355292,0.567077204448952,0.17840089997587327,0.5977477285699667,0.15123933580131127,0.37552632630237415,0.01557047292268049,0.0032442457337342424,0.0021891379535626757,0.006414464347493351,0.7455556548337925,0.7128906709725086,0.8275687352556746
0.005623413251903491,0.003924189758484536,0.11323399622378333,0.5687313817862233,0.17124634422336718,0.5737757423168676,0.14600304058814983,0.3807624252248512,0.01567666224910626,0.0031380730771708282,0.0022558315568282513,0.006347770743164409,0.7378038316775547,0.7228310319037132,0.8332119467666326
0.005623413251903491,0.008659643233600654,0.11381462701045378,0.5716476936654404,0.15862501109737304,0.5314868898685368,0.13658544789561056,0.3901799992323406,0.01586580226352546,0.002948917580100419,0.0023839559546560045,0.006219646344978989,0.7229118836935149,0.740709173997068,0.8432654004625287
0.005623413251903491,0.019109529749704406,0.11470030737489981,0.5760961107455024,0.13935880084512026,0.46693377075481546,0.12186792615285522,0.404897588454169,0.01615915503656044,0.0026555707860011473,0.0026102643864971123,0.005993337915953062,0.6966079678329914,0.7686486249127926,0.8588567906306275
0.005623413251903491,0.042169650342858224,0.11586939421255624,0.58196800399348,0.11389213828521852,0.38160550873783494,0.10214512304409246,0.42462036120610314,0.01655558705941858,0.002259135417173043,0.002984800355104235,0.0056188019446818845,0.6530755082463032,0.8060899468584424,0.8799272527147954
0.005623413251903491,0.0930572040929699,0.117520133465299,0.5902590204149475,0.07785185347658242,0.26084939662240103,0.07496918274531036,0.45179647206950924,0.017133891646990435,0.001680836437756152,0.003745328148337459,0.004858274152259781,0.5646790707565054,0.8576801998002981,0.9106637932695484
0.005623413251903491,0.2053525026457146,0.11916823107145547,0.598536824904524,0.04175199278971459,0.1398936833936764,0.05043408570245655,0.47633140640944827,0.017733965331391117,0.00108075350832962,0.0050287806711289285,0.0035748216299134037,0.4155028910948513,0.904257043299748,0.9425580835123627
0.005623413251903491,0.4531583637600818,0.12012229607750464,0.603328737763572,0.020792957018946855,0.06966861118095544,0.038001551945824476,0.4887639038149192,0.0180921697697366,0.0007225503577403832,0.006277778540254502,0.0023258237610373138,0.2703313890610791,0.9278586863845453,0.9615965396856916
0.005623413251903491,1.0,0.1206129025202879,0.6057927790433276,0.009996362208575462,0.03349368073488858,0.03217198160464857,0.4945934815518529,0.018279553230726678,0.0005351686050779998,0.007198811832757801,0.0014047904687428724,0.16327933573799006,0.9389254158542066,0.9715558587712112
0.012409377607517195,0.0,0.10493733318125385,0.5270604234604708,0.1795400265963731,0.601564473854126,0.1520654434244653,0.37470007736426314,0.01606378812373221,0.002750927272526759,0.002178881423593684,0.006424720876287102,0.7467477752169139,0.711322329531406,0.8537885259176579
0.012409377607517195,0.0017782794100389228,0.10520389624050006,0.5283992730410652,0.17259403270751825,0.5782913288718924,0.14699548032883733,0.3797701048009788,0.016152116569060113,0.002662597709970596,0.0022429597534542912,0.006360642544540934,0.7392999262672875,0.720947069287734,0.858483223795851
0.012409377607517195,0.003924189758484536,0.10547695025755441,0.5297707027152095,0.16547959711292293,0.5544537765993789,0.14172677160214692,0.3850386819958542,0.01624311845218759,0.0025716028576246285,0.0023126204829330235,0.0062909818174836,0.7312032329968301,0.7309490008615769,0.8633196412915511
0.012409377607517195,0.008659643233600654,0.1059541640354417,0.5321675800740826,0.15304428247442814,0.5127881855958413,0.13235808376012287,0.3944072797589542,0.016403445982248504,0.002411271025200073,0.0024453682165789595,0.006158234075769153,0.7157739126605346,0.7487342697023579,0.8718412281064088
0.012409377607517195,0.019109529749704406,0.10669425699415552,0.53588477373405,0.13422969218879388,0.449748254652061,0.11790425931431259,0.4088612252062121,0.01664814410218987,0.0021665761558957285,0.0026779426232027585,0.0059256596774864756,0.6887417003238019,0.776173149572182,0.8848467515766202
0.012409377607517195,0.042169650342858224,0.10765558105609985,0.5407131416763337,0.10913765438641451,0.36567520106045587,0.09847689251004789,0.4282886425917259,0.016982058239804393,0.0018326614234395048,0.0030669579743525677,0.005536644326648916,0.6435262966541858,0.8130536530051794,0.902594274257524
0.012409377607517195,0.0930572040929699,0.1090629909189899,0.5477820252108064,0.07236655282875523,0.2424704272059365,0.07102292305163975,0.45574254984555157,0.017483753947813045,0.0013309663492681824,0.003896433106293727,0.0047071691951303665,0.5471160834980973,0.865171643348194,0.9292593071673428
0.012409377607517195,0.2053525026457146,0.11035132068660447,0.5542528264964629,0.038650015087369885,0.12950023749658954,0.04850316039538551,0.478262321690115,0.017957001705422807,0.0008577180978197738,0.005181349377674189,0.003422252923613535,0.3977697717502955,0.9079226675913558,0.9544123905755989
0.012409377607517195,0.4531583637600818,0.11109163814005361,0.5579711661513381,0.019254761764611394,0.0645147545745553,0.03714691413175675,0.48961860194878265,0.0182350784720831,0.0005796412508164823,0.006394334395622661,0.002209267905483825,0.2567840572081879,0.9294811201611047,0.9691921400183823
0.012409377607517195,1.0,0.11147306556905294,0.5598868569068809,0.009254958233470143,0.03100954232852096,0.031786137650284485,0.49497933647848624,0.018380143130735455,0.0004345775387540309,0.007272076635448706,0.0013315256652774682,0.15476373950537933,0.9396578948101043,0.976902259332568
0.027384196342643614,0.0,0.09008686728083445,0.45247215497903226,0.1674537774956263,0.561068440887737,0.14319603067076533,0.3835694507106394,0.016450219346104685,0.0023645014707407456,0.00229286032343583,0.006310741977658834,0.7334999639460205,0.7281598059629039,0.8743270498798082
0.027384196342643614,0.0017782794100389228,0.09032206552230619,0.45365346868408063,0.16057739269947297,0.5380285163774015,0.1380558995597602,0.3887095765218658,0.016531222394342526,0.002283497759571556,0.0023631932511878973,0.006240409050099643,0.7253251407454943,0.7379177151344536,0.8786323824701417
0.027384196342643614,0.003924189758484536,0.09055914205357217,0.45484421520977664,0.153652710660057,0.514826768422647,0.1328206569083263,0.39394482020195737,0.016613209781821462,0.002201509619358175,0.0024385196193883792,0.006165082681673384,0.716569928030327,0.747856185190894,0.8829900370865938
0.027384196342643614,0.008659643233600654,0.09096694919057749,0.45689247424583673,0.14174902829708447,0.47494244420699494,0.12371027733950302,0.40305522177588293,0.016755134398566636,0.0020595857572491116,0.0025798803807578477,0.006023721920566841,0.7001395124504273,0.7651511392692691,0.89053327712597
0.027384196342643614,0.019109529749704406,0.09157882106671228,0.4599656753480952,0.12391014278211823,0.4151717081747362,0.1099052560804848,0.41686020926588585,0.016970166220098278,0.0018445529959270964,0.0028253274610048917,0.005778274850963693,0.6716111044469663,0.791358273632806,0.9019622363348369
0.027384196342643614,0.042169650342858224,0.09243569179382577,0.46426941065981114,0.09895927381361132,0.3315716519024673,0.0906842324030167,0.4360812315248547,0.017275706666227096,0.0015390134662346365,0.0032589983421216816,0.005344603958049891,0.6212053709111252,0.8278470427297524,0.9182016285440611
0.027384196342643614,0.0930572040929699,0.09370198464779693,0.47062952022023413,0.06216493452002572,0.20828901895384166,0.06387403336740602,0.46289146220975097,0.01773660052729489,0.0010781192060612197,0.004212515042030156,0.004391087258575747,0.5103777586588942,0.8787429436747376,0.942698099076658
0.027384196342643614,0.2053525026457146,0.09470148229285717,0.47564962404137295,0.0331725079163619,0.11114737327333872,0.04516950800268626,0.48159596758620055,0.01810859947563047,0.0007061201473372643,0.005474643719193451,0.003128958581960268,0.36368005777541396,0.9142511988808865,0.9624698022884546
0.027384196342643614,0.4531583637600818,0.0952749535373643,0.47852995629401346,0.01656107910731693,0.055489336366695875,0.035669543314180555,0.491095945876384,0.018325306840783498,0.0004894133319574805,0.006609223378012514,0.0019943789230292453,0.2318074282429068,0.9322857247748123,0.9739877432423071
0.027384196342643614,1.0,0.09557178607136846,0.4800207723351865,0.0079615910690955,0.02667600321806636,0.03111747569584753,0.4956480071197241,0.018438524782799313,0.00037619479819004487,0.007403520559565582,0.001200081741019243,0.13948596170439773,0.9409272689441884,0.9800052933783743
0.060429639023813285,0.0,0.06859197924966663,0.34451149024328387,0.1474161524304224,0.4939306378332032,0.12806262488414444,0.398702855630088,0.01676790099831516,0.0020468184067713702,0.0025105920443186276,0.006093010256778925,0.7081929223996843,0.7568887301439563,0.8912118558505839
0.060429639023813285,0.0017782794100389228,0.06879002237077197,0.34550618573058073,0.14080171990099094,0.471768407151758,0.12298051343563522,0.4037849659090395,0.01684416682052097,0.0019705526055815038,0.002591837330658888,0.006011764970896442,0.6987497515790166,0.766536498199104,0.8952653738302543
0.060429639023813285,0.003924189758484536,0.06898510238057758,0.346485998205525,0.1342960044289893,0.4499704408984061,0.11795550702825491,0.4088099683121899,0.016919528051097938,0.0018951917569041026,0.0026770453090403995,0.00592655699194691,0.6888459955043257,0.7760758581377766,0.8992707956193923
0.060429639023813285,0.008659643233600654,0.06931542841019933,0.348145101103872,0.12329945342684442,0.4131255403905131,0.10943160260425225,0.4173338389387395,0.017047700057222424,0.0017670193231837934,0.002834559427069809,0.005769042874143959,0.6705380690748667,0.7922574376107419,0.9060831422750859
0.060429639023813285,0.019109529749704406,0.06982317640998839,0.3506953247434681,0.10644637271636564,0.35665782785120964,0.09640722739793148,0.4303583321801275,0.017246075422424966,0.0015686447664447203,0.003115499908114975,0.005488102392705509,0.6378842490409088,0.8169826678206612,0.9166267289283049
0.060429639023813285,0.042169650342858224,0.07065653070827299,0.354880948712157,0.0789113018376092,0.2643991782124984,0.07573884628646411,0.4510266216054641,0.01757529415175548,0.001239425366907505,0.0037174835866228577,0.004886118714924551,0.5679154549072722,0.8562190369282096,0.9341246960562939
0.060429639023813285,0.0930572040929699,0.0716160191815696,0.35970009277644144,0.04738559547939479,0.15876955917938748,0.0540186411756518,0.4727467407639247,0.017960129835669397,0.0008545902326896288,0.004773505794237774,0.0038300965073390955,0.44517358811867846,0.8974521807474305,0.9545786368553629
0.060429639023813285,0.2053525026457146,0.07228930916776319,0.3630817802496297,0.025376766317599383,0.08502706299580222,0.04059576792333106,0.4861697185143708,0.018233871977274514,0.0005808474059635508,0.005954342749272645,0.002649259551090914,0.30792445519930245,0.9229338880991164,0.9691280324658457
0.060429639023813285,0.4531583637600818,0.07267811007709755,0.36503458348290074,0.012705483600663037,0.04257082827554136,0.033597676857402746,0.4931678057216394,0.018393395544393995,0.0004213241293342389,0.0069432058345046885,0.0016603964668085796,0.19298851907126552,0.9362189096124737,0.9776066751649483
0.060429639023813285,1.0,0.07288104078858613,0.36605377978811027,0.006105746453498418,0.020457834480251076,0.030167863734963888,0.49659761501428423,0.018477042258794926,0.00033767775474607286,0.007600650413751027,0.0010029518848326297,0.11657348283029514,0.9427299909504441,0.9820524698479147
0.1333521432163324,0.0,0.04520383161702135,0.22704169723494047,0.12012651680954003,0.4024943404318572,0.10697142098602065,0.41979407284860554,0.017105830935118534,0.001708888523998451,0.002883513710011301,0.005720088591278399,0.6648480939688419,0.7969278127781022,0.9091727874172268
0.1333521432163324,0.0017782794100389228,0.045349372105461735,0.22777269185903226,0.11382796838719311,0.3813905078978203,0.1020955301739749,0.424669960773176,0.017179007426676583,0.0016357119709597438,0.002985879899340452,0.0056177224017913046,0.6529500324593484,0.8061840953354749,0.9130621118290375
0.1333521432163324,0.003924189758484536,0.04549422338781614,0.22850022517915228,0.10757314981791703,0.36043319345046343,0.09727303476289376,0.4294924923753771,0.01725199423987251,0.0015627251117126034,0.003094990797603777,0.005508611503522433,0.6402680308457955,0.8153390270404663,0.9169413541328775
0.1333521432163324,0.008659643233600654,0.045758479319395085,0.229827482564127,0.09619936330754447,0.322324332355098,0.08859032495431485,0.4381751603511902,0.01738552984356182,0.001429189458004761,0.0033152871453655617,0.005288315155888987,0.6146629017380153,0.8318220775172183,0.9240387573634565
0.1333521432163324,0.019109529749704406,0.046218199835521334,0.23213648336029202,0.07652355151529056,0.2563988129607142,0.07400745033444346,0.45275801202537763,0.017619043325665575,0.0011956765983383484,0.0037808336820126286,0.0048227686184278695,0.5605522489319326,0.8595058795181761,0.9364499390281703
0.1333521432163324,0.042169650342858224,0.04678876631209683,0.23500222173368826,0.05229416680266117,0.1752161527473333,0.05722137832967537,0.46954418183604957,0.017911007366937928,0.0009037131504235271,0.0045713176521162795,0.004032284648923916,0.468673993501118,0.8913722106060391,0.9519677611161106
0.1333521432163324,0.0930572040929699,0.04728778857551545,0.23750862128200698,0.03127089820449011,0.10477586344859578,0.04403519545778612,0.48273026752549375,0.01816833201568942,0.0006463883129192384,0.0055843861031833345,0.0030192161977086493,0.3509246583138356,0.9164045508822912,0.9656445431221018
0.1333521432163324,0.2053525026457146,0.04763254493291922,0.2392402056850315,0.016835107925001286,0.05640749349378949,0.03581871380494303,0.49094678081827703,0.018347199614342603,0.00046751995818810347,0.006586705025597316,0.0020168972745205653,0.2344247449109696,0.9320025435026608,0.9751513724992915
0.1333521432163324,0.4531583637600818,0.047833824168789243,0.2402511578883248,0.008440266489609032,0.028279847263301492,0.03136428992813602,0.49540119433986596,0.018452037714938516,0.00036268184945461234,0.007354322987661239,0.001249279313844351,0.14520421447487558,0.9404587224014512,0.9807235049019286
0.1333521432163324,1.0,0.04793939686217252,0.24078137739858255,0.004047004643726117,0.013559841011280561,0.029127978182983925,0.4976375083224746,0.018507144861821166,0.0003075751880274416,0.007831988094064291,0.0007716142065388602,0.0896850155991946,0.944704087626893,0.9836524175107286
0.29427271762092816,0.0,0.02612140844178487,0.13119792498745744,0.08354780601937098,0.27993418925295066,0.07913399470812807,0.44763147547965,0.017539389905765392,0.0012753294176273528,0.0036003435425435585,0.005003258758503841,0.5815306871977038,0.8497737623540146,0.9322163995270604
0.29427271762092816,0.0017782794100389228,0.026239764198966776,0.1317923810696445,0.07568309639881682,0.25358279583403,0.07340094117245721,0.45336455644989065,0.017632876982998605,0.0011818423405508412,0.003803648873828818,0.00479995342728788,0.5579004304586317,0.8606572725363222,0.937185226086706
0.29427271762092816,0.003924189758484536,0.02634836314730514,0.13233783252184084,0.0684935527106172,0.22949360461958082,0.06827830752562562,0.45848717370339864,0.017718783879157915,0.001095935303287992,0.004010682928460266,0.004592919371551893,0.5338367827096566,0.8703819632100382,0.9417511740323767
0.29427271762092816,0.008659643233600654,0.026512917740873512,0.1331643278808375,0.05764798855179144,0.1931545987775497,0.06079563187465121,0.46596988815093526,0.01784918564090405,0.0009655335324143828,0.004369455750427981,0.00423414655084367,0.49213647988097314,0.8845869185369258,0.9486820120183548
0.29427271762092816,0.019109529749704406,0.026719523099070688,0.13420202751526053,0.044112337413362304,0.14780222207248425,0.051923855292002115,0.47484162503078825,0.018013306504885158,0.0008014135027218017,0.004918576196345366,0.0036850261041693993,0.42831199949222654,0.9014288953403212,0.957404973212581
0.29427271762092816,0.042169650342858224,0.02693562991779444,0.13528744998211867,0.030049308786710152,0.10068282184523825,0.04331283819736521,0.4834526407365703,0.01818544911425253,0.0006292710235530974,0.005657235623568006,0.002946366677074016,0.342457330559567,0.9177758605498976,0.9665543245424808
0.29427271762092816,0.0930572040929699,0.027121001555908165,0.1362185012851021,0.018062422249566064,0.06051971622201095,0.03648993235751029,0.49027555074345025,0.01833349778309301,0.00048122238870756734,0.006487704663489234,0.002115897637174862,0.2459315950728615,0.9307283154873746,0.9744230908398611
0.29427271762092816,0.2053525026457146,0.027250214872012596,0.1368674930756529,0.009747682076790418,0.032660456700648925,0.03204235713848549,0.49472313074720214,0.018436909613519018,0.00037780988607267346,0.007223221087885,0.0013803812132693676,0.16044223860558482,0.939171494952914,0.9799194515718995
0.29427271762092816,0.4531583637600818,0.02732615435211616,0.1372489098241334,0.004876508803456335,0.016339167053092976,0.029545255449233684,0.49722022449675984,0.01849776823808471,0.0003169513450856641,0.007737104579509123,0.0008664977218000962,0.10071336301402964,0.943911936954824,0.9831540755266326
0.29427271762092816,1.0,0.027365955796413172,0.137448799226459,0.0023282314210464165,0.0078009418422188715,0.02827069215591498,0.49849479328861634,0.01852968700041274,0.00028503311090944327,0.008036191310814695,0.000567410990234114,0.065950397331237,0.9463315404348157,0.9848505261187533
0.6493816315762113,0.0,0.013728154151528137,0.06895131023310955,0.044365168717934805,0.1486493555729152,0.05208446964630137,0.4746809869949924,0.01801082609969322,0.0008038933109396606,0.004907057241494843,0.0036965450595766542,0.42965085207579673,0.9011239841382238,0.9572731703622774
0.6493816315762113,0.0017782794100389228,0.01376778144949334,0.06915034315962205,0.03969900126126403,0.133014956043376,0.049152680677783306,0.4776128064767871,0.018067707634449325,0.0007470117810869752,0.005128730356491685,0.0034748719445661983,0.40388570077663105,0.9066896334775267,0.960296416619951
0.6493816315762113,0.003924189758484536,0.013801595507240935,0.06932017840092355,0.03572727883198533,0.11970735458571378,0.0467121777691348,0.4800533272029916,0.018116267601421487,0.0006984516554439377,0.005333822500977943,0.003269779800137879,0.38004776205355434,0.9113226334522295,0.9628773809532618
0.6493816315762113,0.008659643233600654,0.013850541145234286,0.06956601379521349,0.029994357638960474,0.10049870362804188,0.04328045983708858,0.4834850126098083,0.018186595190954655,0.0006281240968870568,0.00566055733552245,0.0029430449653558375,0.34207124672131817,0.9178373259051225,0.9666152820418131
0.6493816315762113,0.019109529749704406,0.013910489826325497,0.06986711289992417,0.022998471880103663,0.07705837972712834,0.03924093003258582,0.487524591569844,0.018272792834388995,0.0005419273106599452,0.006117882099236154,0.002485720201152612,0.288916213739946,0.9255058874901029,0.971196631866855
0.6493816315762113,0.042169650342858224,0.013973043507109404,0.07018129634196084,0.01572840691404393,0.052699394948609535,0.03521783061966464,0.49154765204933476,0.018362807397440117,0.00045191267749304035,0.006678602988680312,0.0019249993124959204,0.22374340945916882,0.9331432453751097,0.9759808981641389
0.6493816315762113,0.0930572040929699,0.014027085772425228,0.07045273004281015,0.009471886486196164,0.03173637922373117,0.031898840439400375,0.4948666442143114,0.018440633051913,0.00037408715097472057,0.007250486187305779,0.0013531161137734797,0.15727320562036456,0.9394439435219044,0.9801173152222961
0.6493816315762113,0.2053525026457146,0.014064959918643863,0.07064295872117855,0.005100378898666732,0.017089263158551457,0.029658267928273717,0.497107215737644,0.018495208381336524,0.0003195111142997634,0.0077118896897586265,0.0008917126115054936,0.10364409932970459,0.9436973969481185,0.9830180240330519
0.6493816315762113,0.4531583637600818,0.014087193882768662,0.07075463233268148,0.0025391926455448346,0.008507785898706401,0.028375383096754397,0.4983901027199318,0.01852725955536717,0.00028746001620635057,0.0080105560769435,0.0005930462239785027,0.06892999039657483,0.9461327974957168,0.9847215359701322
0.6493816315762113,1.0,0.014098777311449638,0.07081280209335071,0.0012066165516044056,0.004042873685550894,0.02771657761808976,0.4990489057369345,0.018543958406810435,0.00027076170358462237,0.008175288653698373,0.0004283136473439773,0.04978305974139297,0.9473834590650105,0.9856090496166867
1.4330125702369627,0.0,0.006764828828307647,0.03397716885936307,0.021992866140042845,0.07368901048425189,0.03867380068901514,0.4880917180514768,0.018285302518835256,0.0005294167435847468,0.006189764853949618,0.0024138374468903514,0.2805612535873129,0.9265825128769156,0.9718615656071898
1.4330125702369627,0.0017782794100389228,0.006775000042030371,0.0340282549873236,0.019652715832801818,0.06584813337419064,0.037367250056461736,0.4893982281731013,0.018314243628559296,0.0005004757481420891,0.006363766704541274,0.002239835596363975,0.2603369516659673,0.9290628342197927,0.9733997760943577
1.4330125702369627,0.003924189758484536,0.006783580094386591,0.034071349337190304,0.017681304826128744,0.05924274935978354,0.03628095437936757,0.4904845455317255,0.018338660474793936,0.0004760589225562196,0.006518127129740949,0.0020854751713073024,0.24239558016915902,0.931125036879808,0.9746975273719326
1.4330125702369627,0.008659643233600654,0.006795908095436738,0.03413326826319942,0.014852962568327594,0.04976614272363446,0.034745448827336926,0.49202004506963753,0.018373748296257066,0.0004409709015682186,0.006753134734765493,0.0018504675661301883,0.21508055595939674,0.9340400059800956,0.9765624510824911
1.4330125702369627,0.019109529749704406,0.00681097391012945,0.03420893793764268,0.01140336202732184,0.038207955986230016,0.03290932918893867,0.493856156916661,0.01841663670445349,0.000398083446398752,0.007063756328175845,0.0015398459720457882,0.1789768887860055,0.9375256540965935,0.9788419150958922
1.4330125702369627,0.042169650342858224,0.00682674249241659,0.03428813755976641,0.007800684371961068,0.026136871260044766,0.031034682729909887,0.4957308014019926,0.01846153562350626,0.0003531844618996679,0.007420206493471985,0.0011833958074005065,0.1375465492263047,0.9410844414359176,0.9812282903866519
1.4330125702369627,0.0930572040929699,0.006840403117515556,0.03435674964917998,0.004686145076514171,0.015701336523660965,0.029449290192136695,0.49731619302785673,0.018500440624696565,0.0003142795789001519,0.007758675664519963,0.0008449266375689091,0.09820614759979887,0.9440941156354445,0.983296080117095
1.4330125702369627,0.2053525026457146,0.006849957505899775,0.03440473831232098,0.0025112899838482944,0.008414295536889993,0.028361527583631873,0.49840395689529066,0.018527656087706942,0.00028706339537688184,0.00801393731789747,0.0005896649841902228,0.06853698758799423,0.9461591003600248,0.9847426162460206
1.4330125702369627,0.4531583637600818,0.0068555307297932236,0.034432730898522064,0.0012440514457457126,0.004168302615548935,0.027735004071747588,0.49903048034301123,0.018543533113251097,0.0002711864541035374,0.008170568527762746,0.0004330337744316952,0.05033168191900794,0.9473484787968598,0.9855864737641868
1.4330125702369627,1.0,0.00685841410314909,0.03444720841623165,0.0005890814634124801,0.00197376867045427,0.027413285154172733,0.4993521988842452,0.018551745051828078,0.00026297508911286496,0.008253947605164944,0.00034965469534540205,0.04064049954106564,0.9479592228708469,0.9860229072161095
3.1622776601683795,0.0,0.003242214180543809,0.016284411832454614,0.010703082811036843,0.03586160967776518,0.032541509222428676,0.49422399354576746,0.01842536806969632,0.00038935133186720854,0.007130335537367287,0.0014732667630054138,0.17123836174314952,0.9382239173761011,0.9793060250563796
3.1622776601683795,0.0017782794100389228,0.00324465443239703,0.016296668292746765,0.009553500776281696,0.03200983511039121,0.031941283205314246,0.49482419770451364,0.018439689256779097,0.00037503013178142414,0.0072423963948321235,0.0013612059060644408,0.15821348528889956,0.9393633706784567,0.9800671950489234
3.1622776601683795,0.003924189758484536,0.003246702421953789,0.016306954572023028,0.008589369834629951,0.02877943055345987,0.03144132795550084,0.4953241527114916,0.01845170883341379,0.0003630105297860891,0.00733913163197829,0.0012644706691440652,0.14696991154264682,0.940312474698057,0.9807060353769552
3.1622776601683795,0.008659643233600654,0.003249634797779832,0.016321682803872976,0.007209935474944289,0.024157515799042576,0.03073146743456641,0.4960340317076559,0.018468919603093825,0.0003457996221940836,0.007482117109579436,0.001121485191356685,0.13035065454323255,0.9416600603406867,0.9816207928455658
3.1622776601683795,0.019109529749704406,0.003253212243786535,0.01633965085451032,0.005528820919992834,0.01852479520432443,0.02987501938840943,0.49689046278903604,0.018489917565500013,0.00032480271480313244,0.007664088896067079,0.0009395134046969887,0.10920000388831926,0.9432859205866778,0.9827367768447157
3.1622776601683795,0.042169650342858224,0.003256953429826964,0.0163584414306556,0.0037726032325379345,0.012640435158089427,0.02899044990348773,0.49777504033941694,0.01851187811989677,0.0003028419640432909,0.007863890065476518,0.0007397122358139124,0.08597703728157738,0.9449651686747377,0.9839039877982672
3.1622776601683795,0.0930572040929699,0.0032601852372574147,0.01637467355068046,0.002257132785416104,0.0075627196485534166,0.02823544209929208,0.4985300380158127,0.018530849801869302,0.0002838704083262144,0.008044867962990008,0.0005587343384996364,0.06494190676420458,0.946398457823921,0.9849123236936369
3.1622776601683795,0.2053525026457146,0.0032624322940577764,0.016385959947407,0.0012042212732189,0.004034848125711014,0.027715398813041817,0.49905008532709494,0.0185440416466399,0.00027067784103126176,0.008175590858163682,0.00042801144355378,0.0497479344748815,0.9473856969609888,0.9856135064246568
3.1622776601683795,0.4531583637600818,0.003263734298706613,0.01639249961126908,0.0005944989021512303,0.001991920300042274,0.02741594053761088,0.4993495464816898,0.01855168566632133,0.00026303391554445755,0.008253250971683081,0.0003503513258885334,0.04072146919057623,0.9479541822439004,0.9860197801832784
3.1622776601683795,1.0,0.003264404650850999,0.016395864362487717,0.00028091801228966897,0.0009412402294824291,0.02726241041645306,0.49950307478613737,0.018555618719175902,0.00025910139681989386,0.008293769002014218,0.0003098332990040464,0.036012043346933476,0.9482456402663383,0.9862287934541418
