RAFi_0_uM,MEKi_0_uM,pMEK,pMEK_obs,pERK,pERK_obs
0.0001,0.0001,0.10389465349661003,0.5218234178922202,0.17829547040658977,0.5973940867355523
0.0001,0.0006812920690579615,0.1039037141179363,0.5218689360754961,0.1758589773899607,0.5892309209003378
0.0001,0.004641588833612782,0.10395703722317588,0.5221367521515531,0.16213038420560474,0.5432342193088218
0.0001,0.03162277660168379,0.10416170394897886,0.523164728459781,0.11713161948221115,0.3924595578171479
0.0001,0.21544346900318845,,,,
0.0001,1.4677992676220706,,,,
0.0001,10.0,,,,
0.00018329807108324357,0.0001,,,,
0.00018329807108324357,0.0006812920690579615,,,,
0.00018329807108324357,0.004641588833612782,,,,
0.00018329807108324357,0.03162277660168379,,,,
0.00018329807108324357,0.21544346900318845,,,,
0.00018329807108324357,1.4677992676220706,,,,
0.00018329807108324357,10.0,,,,
0.0003359818286283781,0.0001,,,,
0.0003359818286283781,0.0006812920690579615,,,,
0.0003359818286283781,0.004641588833612782,,,,
0.0003359818286283781,0.03162277660168379,,,,
0.0003359818286283781,0.21544346900318845,,,,
0.0003359818286283781,1.4677992676220706,,,,
0.0003359818286283781,10.0,,,,
0.0006158482110660267,0.0001,,,,
0.0006158482110660267,0.0006812920690579615,,,,
0.0006158482110660267,0.004641588833612782,,,,
0.0006158482110660267,0.03162277660168379,,,,
0.0006158482110660267,0.21544346900318845,,,,
0.0006158482110660267,1.4677992676220706,,,,
0.0006158482110660267,10.0,,,,
0.0011288378916846883,0.0001,,,,
0.0011288378916846883,0.0006812920690579615,,,,
0.0011288378916846883,0.004641588833612782,,,,
0.0011288378916846883,0.03162277660168379,,,,
0.0011288378916846883,0.21544346900318845,,,,
0.0011288378916846883,1.4677992676220706,,,,
0.0011288378916846883,10.0,,,,
0.00206913808111479,0.0001,,,,
0.00206913808111479,0.0006812920690579615,,,,
0.00206913808111479,0.004641588833612782,,,,
0.00206913808111479,0.03162277660168379,,,,
0.00206913808111479,0.21544346900318845,,,,
0.00206913808111479,1.4677992676220706,,,,
0.00206913808111479,10.0,,,,
0.00379269019073225,0.0001,,,,
0.00379269019073225,0.0006812920690579615,,,,
0.00379269019073225,0.004641588833612782,,,,
0.00379269019073225,0.03162277660168379,,,,
0.00379269019073225,0.21544346900318845,,,,
0.00379269019073225,1.4677992676220706,,,,
0.00379269019073225,10.0,,,,
0.0069519279617756054,0.0001,,,,
0.0069519279617756054,0.0006812920690579615,,,,
0.0069519279617756054,0.004641588833612782,,,,
0.0069519279617756054,0.03162277660168379,,,,
0.0069519279617756054,0.21544346900318845,,,,
0.0069519279617756054,1.4677992676220706,,,,
0.0069519279617756054,10.0,,,,
0.012742749857031334,0.0001,,,,
0.012742749857031334,0.0006812920690579615,,,,
0.012742749857031334,0.004641588833612782,,,,
0.012742749857031334,0.03162277660168379,,,,
0.012742749857031334,0.21544346900318845,,,,
0.012742749857031334,1.4677992676220706,,,,
0.012742749857031334,10.0,,,,
0.023357214690901212,0.0001,,,,
0.023357214690901212,0.0006812920690579615,,,,
0.023357214690901212,0.004641588833612782,,,,
0.023357214690901212,0.03162277660168379,,,,
0.023357214690901212,0.21544346900318845,,,,
0.023357214690901212,1.4677992676220706,,,,
0.023357214690901212,10.0,,,,
0.04281332398719392,0.0001,,,,
0.04281332398719392,0.0006812920690579615,,,,
0.04281332398719392,0.004641588833612782,,,,
0.04281332398719392,0.03162277660168379,,,,
0.04281332398719392,0.21544346900318845,,,,
0.04281332398719392,1.4677992676220706,,,,
0.04281332398719392,10.0,,,,
0.07847599703514607,0.0001,,,,
0.07847599703514607,0.0006812920690579615,,,,
0.07847599703514607,0.004641588833612782,,,,
0.07847599703514607,0.03162277660168379,,,,
0.07847599703514607,0.21544346900318845,,,,
0.07847599703514607,1.4677992676220706,,,,
0.07847599703514607,10.0,,,,
0.14384498882876628,0.0001,,,,
0.14384498882876628,0.0006812920690579615,,,,
0.14384498882876628,0.004641588833612782,,,,
0.14384498882876628,0.03162277660168379,,,,
0.14384498882876628,0.21544346900318845,,,,
0.14384498882876628,1.4677992676220706,,,,
0.14384498882876628,10.0,,,,
0.26366508987303583,0.0001,,,,
0.26366508987303583,0.0006812920690579615,,,,
0.26366508987303583,0.004641588833612782,,,,
0.26366508987303583,0.03162277660168379,,,,
0.26366508987303583,0.21544346900318845,,,,
0.26366508987303583,1.4677992676220706,,,,
0.26366508987303583,10.0,,,,
0.4832930238571752,0.0001,,,,
0.4832930238571752,0.0006812920690579615,,,,
0.4832930238571752,0.004641588833612782,,,,
0.4832930238571752,0.03162277660168379,,,,
0.4832930238571752,0.21544346900318845,,,,
0.4832930238571752,1.4677992676220706,,,,
0.4832930238571752,10.0,,,,
0.8858667904100823,0.0001,,,,
0.8858667904100823,0.0006812920690579615,,,,
0.8858667904100823,0.004641588833612782,,,,
0.8858667904100823,0.03162277660168379,,,,
0.8858667904100823,0.21544346900318845,,,,
0.8858667904100823,1.4677992676220706,,,,
0.8858667904100823,10.0,,,,
1.623776739188721,0.0001,,,,
1.623776739188721,0.0006812920690579615,,,,
1.623776739188721,0.004641588833612782,,,,
1.623776739188721,0.03162277660168379,,,,
1.623776739188721,0.21544346900318845,,,,
1.623776739188721,1.4677992676220706,,,,
1.623776739188721,10.0,,,,
2.9763514416313193,0.0001,,,,
2.9763514416313193,0.0006812920690579615,,,,
2.9763514416313193,0.004641588833612782,,,,
2.9763514416313193,0.03162277660168379,,,,
2.9763514416313193,0.21544346900318845,,,,
2.9763514416313193,1.4677992676220706,,,,
2.9763514416313193,10.0,,,,
5.455594781168514,0.0001,,,,
5.455594781168514,0.0006812920690579615,,,,
5.455594781168514,0.004641588833612782,,,,
5.455594781168514,0.03162277660168379,,,,
5.455594781168514,0.21544346900318845,,,,
5.455594781168514,1.4677992676220706,,,,
5.455594781168514,10.0,,,,
10.0,0.0001,,,,
10.0,0.0006812920690579615,,,,
10.0,0.004641588833612782,,,,
10.0,0.03162277660168379,,,,
10.0,0.21544346900318845,,,,
10.0,1.4677992676220706,,,,
10.0,10.0,,,,
