RAFi_0_uM,MEKi_0_uM,pMEK,pMEK_obs,pERK,pERK_obs,gdpRAS,gtpRAS,bound_CRAF,unbound_CRAF,uS1134SOS1,pS1134SOS1,pS1134SOS1_obs,gtpRAS_obs,bound_CRAF_obs
0.0001,0.0001,0.09480052324329498,0.4761470325368949,0.17098821012245607,0.5729108830807956,0.14581318006805266,0.38095331754026907,0.00740426409971921,0.011410464947718336,0.0022583139000140174,0.006345288481720981,0.7375153104694494,0.7231920011426506,0.39353551576803897
0.0001,0.03162277660168379,0.1068864889720062,0.5368502950837691,0.11878320244052126,0.39799344976257467,0.10592802022028006,0.42083093297737795,0.009444870010302711,0.009369832885428009,0.0029047525433051917,0.005698849775829775,0.6623794969178394,0.798906084885219,0.501994108684325
0.0001,10.0,0.13486204879061942,0.6773609814295718,0.001191131268516887,0.003990989674130668,0.02770891124208771,0.4990559113151662,0.0168834598154802,0.0019312712442136762,0.008177242766512983,0.0004263595287703199,0.04955593182219269,0.947397946758155,0.8973532367756791
0.03162277660168379,0.0001,0.08660459752948865,0.4349820378028944,0.1640015589012314,0.5495014843885714,0.14062330549324045,0.3861421728394817,0.01651435135388627,0.0023003681829551256,0.002327639010854409,0.006275963290183044,0.7294576237474698,0.7330438092899924,0.8777357175879907
0.03162277660168379,0.03162277660168379,0.08853353406947871,0.4446703536455293,0.10665440704511014,0.35735486483352447,0.0965669811307577,0.4301985101922086,0.017197768621082146,0.0016169512141252051,0.0031116929227197896,0.005491909378301261,0.6383267364240555,0.8166793711405967,0.9140592457242193
0.03162277660168379,10.0,0.0921174474746032,0.46267105734297065,0.000815362117231051,0.0027319419324028154,0.027524271897248185,0.4992412123395456,0.01853617472421349,0.00027854523714544846,0.008224949869393428,0.00037865243157821153,0.04401091755896816,0.947748528100459,0.9851953556727119
10.0,0.0001,0.0011282770100664579,0.005666907391345528,0.0037760196007337425,0.012651882025506562,0.02899219982594221,0.4977738282144251,0.01851183704393901,0.000302882237800793,0.007863491278630518,0.0007401110213840835,0.08602338829432267,0.9449619028512587,0.9839018465667598
10.0,0.03162277660168379,0.001129944577010929,0.005675282922847999,0.0015472451401353647,0.0051841793747199015,0.027884413813672102,0.49888104400284755,0.018539745498692653,0.00027497460217618407,0.008132539053473572,0.0004710632479184073,0.0547518622335895,0.9470648399588406,0.9853851345806898
10.0,10.0,0.0011310959403690742,0.00568106660023976,1.006157025099802e-05,3.3712169202732376e-05,0.027130061535515313,0.4996354220730951,0.01855901809649015,0.00025570190465397196,0.008329088154630217,0.0002745141463276468,0.031906884665866574,0.9484968883123088,0.9864094759508292
